date,breakouts,gate_pass,gate_block,ev_pass,ev_reject,fills,wins,pnl_pips
2018-01-01,9,0,9,0,0,0,0,0.0
2018-01-02,255,156,99,0,156,0,0,0.0
2018-01-03,184,144,40,0,144,0,0,0.0
2018-01-04,216,103,113,0,103,0,0,0.0
2018-01-05,246,150,96,0,150,0,0,0.0
2018-01-07,12,0,12,0,0,0,0,0.0
2018-01-08,209,121,88,0,121,0,0,0.0
2018-01-09,232,124,108,0,124,0,0,0.0
2018-01-10,241,141,100,0,141,0,0,0.0
2018-01-11,249,147,102,0,147,0,0,0.0
2018-01-12,212,155,57,0,155,0,0,0.0
2018-01-14,17,0,17,0,0,0,0,0.0
2018-01-15,243,137,106,0,137,0,0,0.0
2018-01-16,200,90,110,0,90,0,0,0.0
2018-01-17,226,125,101,0,125,0,0,0.0
2018-01-18,217,132,85,0,132,0,0,0.0
2018-01-19,151,63,88,0,63,0,0,0.0
2018-01-21,12,0,12,0,0,0,0,0.0
2018-01-22,252,140,112,0,140,0,0,0.0
2018-01-23,255,155,100,0,155,0,0,0.0
2018-01-24,252,146,106,0,146,0,0,0.0
2018-01-25,247,137,110,0,137,0,0,0.0
2018-01-26,223,136,87,0,136,0,0,0.0
2018-01-28,11,0,11,0,0,0,0,0.0
2018-01-29,251,155,96,0,155,0,0,0.0
2018-01-30,240,142,98,0,142,0,0,0.0
2018-01-31,223,127,96,0,127,0,0,0.0
2018-02-01,251,141,110,0,141,0,0,0.0
2018-02-02,243,149,94,0,149,0,0,0.0
2018-02-04,19,0,19,0,0,0,0,0.0
2018-02-05,216,97,119,0,97,0,0,0.0
2018-02-06,201,88,113,0,88,0,0,0.0
2018-02-07,243,140,103,0,140,0,0,0.0
2018-02-08,221,151,70,0,151,0,0,0.0
2018-02-09,226,132,94,0,132,0,0,0.0
2018-02-11,15,0,15,0,0,0,0,0.0
2018-02-12,236,123,113,0,123,0,0,0.0
2018-02-13,236,129,107,0,129,0,0,0.0
2018-02-14,247,141,106,0,141,0,0,0.0
2018-02-15,245,134,111,0,134,0,0,0.0
2018-02-16,210,117,93,0,117,0,0,0.0
2018-02-18,19,0,19,0,0,0,0,0.0
2018-02-19,219,114,105,0,114,0,0,0.0
2018-02-20,244,134,110,0,134,0,0,0.0
2018-02-21,262,153,109,0,153,0,0,0.0
2018-02-22,260,146,114,0,146,0,0,0.0
2018-02-23,222,126,96,0,126,0,0,0.0
2018-02-25,5,0,5,0,0,0,0,0.0
2018-02-26,232,120,112,0,120,0,0,0.0
2018-02-27,214,112,102,0,112,0,0,0.0
2018-02-28,222,117,105,0,117,0,0,0.0
2018-03-01,262,152,110,0,152,0,0,0.0
2018-03-02,230,137,93,0,137,0,0,0.0
2018-03-04,6,0,6,0,0,0,0,0.0
2018-03-05,183,153,30,0,153,0,0,0.0
2018-03-06,236,124,112,0,124,0,0,0.0
2018-03-07,191,80,111,0,80,0,0,0.0
2018-03-08,197,89,108,0,89,0,0,0.0
2018-03-09,221,118,103,0,118,0,0,0.0
2018-03-11,29,12,17,0,12,0,0,0.0
2018-03-12,204,91,113,0,91,0,0,0.0
2018-03-13,253,144,109,0,144,0,0,0.0
2018-03-14,242,149,93,0,149,0,0,0.0
2018-03-15,250,145,105,0,145,0,0,0.0
2018-03-16,216,120,96,0,120,0,0,0.0
2018-03-18,27,12,15,0,12,0,0,0.0
2018-03-19,259,148,111,0,148,0,0,0.0
2018-03-20,201,95,106,0,95,0,0,0.0
2018-03-21,249,136,113,0,136,0,0,0.0
2018-03-22,244,128,116,0,128,0,0,0.0
2018-03-23,217,121,96,0,121,0,0,0.0
2018-03-25,21,12,9,0,12,0,0,0.0
2018-03-26,210,109,101,0,109,0,0,0.0
2018-03-27,252,147,105,0,147,0,0,0.0
2018-03-28,247,143,104,0,143,0,0,0.0
2018-03-29,249,144,105,0,144,0,0,0.0
2018-03-30,164,69,95,0,69,0,0,0.0
2018-04-01,8,6,2,0,6,0,0,0.0
2018-04-02,182,154,28,0,154,0,0,0.0
2018-04-03,221,114,107,0,114,0,0,0.0
2018-04-04,203,119,84,0,119,0,0,0.0
2018-04-05,267,154,113,0,154,0,0,0.0
2018-04-06,183,88,95,0,88,0,0,0.0
2018-04-08,20,12,8,0,12,0,0,0.0
2018-04-09,191,130,61,0,130,0,0,0.0
2018-04-10,233,125,108,0,125,0,0,0.0
2018-04-11,193,79,114,0,79,0,0,0.0
2018-04-12,211,97,114,0,97,0,0,0.0
2018-04-13,241,145,96,0,145,0,0,0.0
2018-04-15,13,12,1,0,12,0,0,0.0
2018-04-16,232,127,105,0,127,0,0,0.0
2018-04-17,258,145,113,0,145,0,0,0.0
2018-04-18,254,139,115,0,139,0,0,0.0
2018-04-19,229,124,105,0,124,0,0,0.0
2018-04-20,234,139,95,0,139,0,0,0.0
2018-04-22,22,12,10,0,12,0,0,0.0
2018-04-23,260,158,102,0,158,0,0,0.0
2018-04-24,224,125,99,0,125,0,0,0.0
2018-04-25,249,156,93,0,156,0,0,0.0
2018-04-26,250,145,105,0,145,0,0,0.0
2018-04-27,197,102,95,0,102,0,0,0.0
2018-04-29,29,12,17,0,12,0,0,0.0
2018-04-30,184,105,79,0,105,0,0,0.0
2018-05-01,259,146,113,0,146,0,0,0.0
2018-05-02,243,132,111,0,132,0,0,0.0
2018-05-03,265,151,114,0,151,0,0,0.0
2018-05-04,216,120,96,0,120,0,0,0.0
2018-05-06,25,12,13,0,12,0,0,0.0
2018-05-07,257,150,107,0,150,0,0,0.0
2018-05-08,213,112,101,0,112,0,0,0.0
2018-05-09,180,74,106,0,74,0,0,0.0
2018-05-10,208,97,111,0,97,0,0,0.0
2018-05-11,229,134,95,0,134,0,0,0.0
2018-05-13,13,12,1,0,12,0,0,0.0
2018-05-14,195,122,73,0,122,0,0,0.0
2018-05-15,248,133,115,0,133,0,0,0.0
2018-05-16,252,146,106,0,146,0,0,0.0
2018-05-17,196,99,97,0,99,0,0,0.0
2018-05-18,223,131,92,0,131,0,0,0.0
2018-05-20,15,12,3,0,12,0,0,0.0
2018-05-21,259,144,115,0,144,0,0,0.0
2018-05-22,203,103,100,0,103,0,0,0.0
2018-05-23,207,108,99,0,108,0,0,0.0
2018-05-24,255,142,113,0,142,0,0,0.0
2018-05-25,205,109,96,0,109,0,0,0.0
2018-05-27,19,12,7,0,12,0,0,0.0
2018-05-28,247,142,105,0,142,0,0,0.0
2018-05-29,254,142,112,0,142,0,0,0.0
2018-05-30,197,88,109,0,88,0,0,0.0
2018-05-31,204,95,109,0,95,0,0,0.0
2018-06-01,232,139,93,0,139,0,0,0.0
2018-06-03,15,12,3,0,12,0,0,0.0
2018-06-04,240,125,115,0,125,0,0,0.0
2018-06-05,228,119,109,0,119,0,0,0.0
2018-06-06,247,152,95,0,152,0,0,0.0
2018-06-07,259,156,103,0,156,0,0,0.0
2018-06-08,210,124,86,0,124,0,0,0.0
2018-06-10,14,12,2,0,12,0,0,0.0
2018-06-11,231,137,94,0,137,0,0,0.0
2018-06-12,233,120,113,0,120,0,0,0.0
2018-06-13,248,139,109,0,139,0,0,0.0
2018-06-14,186,119,67,0,119,0,0,0.0
2018-06-15,214,119,95,0,119,0,0,0.0
2018-06-17,23,12,11,0,12,0,0,0.0
2018-06-18,208,99,109,0,99,0,0,0.0
2018-06-19,258,150,108,0,150,0,0,0.0
2018-06-20,259,143,116,0,143,0,0,0.0
2018-06-21,255,151,104,0,151,0,0,0.0
2018-06-22,202,107,95,0,107,0,0,0.0
2018-06-24,20,12,8,0,12,0,0,0.0
2018-06-25,244,129,115,0,129,0,0,0.0
2018-06-26,237,131,106,0,131,0,0,0.0
2018-06-27,226,124,102,0,124,0,0,0.0
2018-06-28,261,157,104,0,157,0,0,0.0
2018-06-29,217,122,95,0,122,0,0,0.0
2018-07-01,21,11,10,0,11,0,0,0.0
2018-07-02,181,86,95,0,86,0,0,0.0
2018-07-03,250,137,113,0,137,0,0,0.0
2018-07-04,197,97,100,0,97,0,0,0.0
2018-07-05,219,123,96,0,123,0,0,0.0
2018-07-06,178,110,68,0,110,0,0,0.0
2018-07-08,17,12,5,0,12,0,0,0.0
2018-07-09,200,139,61,0,139,0,0,0.0
2018-07-10,247,150,97,0,150,0,0,0.0
2018-07-11,233,157,76,0,157,0,0,0.0
2018-07-12,204,90,114,0,90,0,0,0.0
2018-07-13,232,136,96,0,136,0,0,0.0
2018-07-15,25,12,13,0,12,0,0,0.0
2018-07-16,236,140,96,0,140,0,0,0.0
2018-07-17,265,152,113,0,152,0,0,0.0
2018-07-18,208,122,86,0,122,0,0,0.0
2018-07-19,232,128,104,0,128,0,0,0.0
2018-07-20,211,118,93,0,118,0,0,0.0
2018-07-22,30,12,18,0,12,0,0,0.0
2018-07-23,260,146,114,0,146,0,0,0.0
2018-07-24,235,145,90,0,145,0,0,0.0
2018-07-25,210,119,91,0,119,0,0,0.0
2018-07-26,255,152,103,0,152,0,0,0.0
2018-07-27,182,86,96,0,86,0,0,0.0
2018-07-29,13,8,5,0,8,0,0,0.0
2018-07-30,223,109,114,0,109,0,0,0.0
2018-07-31,187,75,112,0,75,0,0,0.0
2018-08-01,248,146,102,0,146,0,0,0.0
2018-08-02,255,152,103,0,152,0,0,0.0
2018-08-03,209,122,87,0,122,0,0,0.0
2018-08-05,13,12,1,0,12,0,0,0.0
2018-08-06,228,127,101,0,127,0,0,0.0
2018-08-07,274,159,115,0,159,0,0,0.0
2018-08-08,248,143,105,0,143,0,0,0.0
2018-08-09,260,146,114,0,146,0,0,0.0
2018-08-10,243,147,96,0,147,0,0,0.0
2018-08-12,12,12,0,0,12,0,0,0.0
2018-08-13,239,141,98,0,141,0,0,0.0
2018-08-14,251,153,98,0,153,0,0,0.0
2018-08-15,252,123,129,0,123,0,0,0.0
2018-08-16,248,139,109,0,139,0,0,0.0
2018-08-17,204,108,96,0,108,0,0,0.0
2018-08-19,19,12,7,0,12,0,0,0.0
2018-08-20,205,107,98,0,107,0,0,0.0
2018-08-21,259,151,108,0,151,0,0,0.0
2018-08-22,253,155,98,0,155,0,0,0.0
2018-08-23,243,143,100,0,143,0,0,0.0
2018-08-24,198,132,66,0,132,0,0,0.0
2018-08-26,19,12,7,0,12,0,0,0.0
2018-08-27,245,138,107,0,138,0,0,0.0
2018-08-28,246,140,106,0,140,0,0,0.0
2018-08-29,253,152,101,0,152,0,0,0.0
2018-08-30,251,150,101,0,150,0,0,0.0
2018-08-31,184,118,66,0,118,0,0,0.0
2018-09-02,30,12,18,0,12,0,0,0.0
2018-09-03,229,122,107,0,122,0,0,0.0
2018-09-04,247,139,108,0,139,0,0,0.0
2018-09-05,143,59,84,0,59,0,0,0.0
2018-09-06,240,128,112,0,128,0,0,0.0
2018-09-07,215,119,96,0,119,0,0,0.0
2018-09-09,19,2,17,0,2,0,0,0.0
2018-09-10,208,111,97,0,111,0,0,0.0
2018-09-11,266,155,111,0,155,0,0,0.0
2018-09-12,221,117,104,0,117,0,0,0.0
2018-09-13,261,146,115,0,146,0,0,0.0
2018-09-14,176,84,92,0,84,0,0,0.0
2018-09-16,4,0,4,0,0,0,0,0.0
2018-09-17,181,141,40,0,141,0,0,0.0
2018-09-18,244,141,103,0,141,0,0,0.0
2018-09-19,137,44,93,0,44,0,0,0.0
2018-09-20,224,123,101,0,123,0,0,0.0
2018-09-21,208,115,93,0,115,0,0,0.0
2018-09-23,19,12,7,0,12,0,0,0.0
2018-09-24,224,128,96,0,128,0,0,0.0
2018-09-25,256,153,103,0,153,0,0,0.0
2018-09-26,255,132,123,0,132,0,0,0.0
2018-09-27,263,155,108,0,155,0,0,0.0
2018-09-28,215,120,95,0,120,0,0,0.0
2018-09-30,28,12,16,0,12,0,0,0.0
2018-10-01,250,136,114,0,136,0,0,0.0
2018-10-02,244,142,102,0,142,0,0,0.0
2018-10-03,261,154,107,0,154,0,0,0.0
2018-10-04,239,128,111,0,128,0,0,0.0
2018-10-05,216,136,80,0,136,0,0,0.0
2018-10-07,31,12,19,0,12,0,0,0.0
2018-10-08,261,152,109,0,152,0,0,0.0
2018-10-09,228,125,103,0,125,0,0,0.0
2018-10-10,258,158,100,0,158,0,0,0.0
2018-10-11,182,112,70,0,112,0,0,0.0
2018-10-12,230,135,95,0,135,0,0,0.0
2018-10-14,19,12,7,0,12,0,0,0.0
2018-10-15,231,130,101,0,130,0,0,0.0
2018-10-16,221,109,112,0,109,0,0,0.0
2018-10-17,241,130,111,0,130,0,0,0.0
2018-10-18,261,149,112,0,149,0,0,0.0
2018-10-19,228,132,96,0,132,0,0,0.0
2018-10-21,32,12,20,0,12,0,0,0.0
2018-10-22,237,128,109,0,128,0,0,0.0
2018-10-23,243,139,104,0,139,0,0,0.0
2018-10-24,253,149,104,0,149,0,0,0.0
2018-10-25,227,148,79,0,148,0,0,0.0
2018-10-26,230,137,93,0,137,0,0,0.0
2018-10-28,22,12,10,0,12,0,0,0.0
2018-10-29,196,108,88,0,108,0,0,0.0
2018-10-30,237,123,114,0,123,0,0,0.0
2018-10-31,219,111,108,0,111,0,0,0.0
2018-11-01,249,144,105,0,144,0,0,0.0
2018-11-02,221,125,96,0,125,0,0,0.0
2018-11-04,16,0,16,0,0,0,0,0.0
2018-11-05,219,154,65,0,154,0,0,0.0
2018-11-06,258,147,111,0,147,0,0,0.0
2018-11-07,228,135,93,0,135,0,0,0.0
2018-11-08,245,142,103,0,142,0,0,0.0
2018-11-09,211,115,96,0,115,0,0,0.0
2018-11-11,8,0,8,0,0,0,0,0.0
2018-11-12,228,121,107,0,121,0,0,0.0
2018-11-13,235,132,103,0,132,0,0,0.0
2018-11-14,240,135,105,0,135,0,0,0.0
2018-11-15,226,140,86,0,140,0,0,0.0
2018-11-16,230,146,84,0,146,0,0,0.0
2018-11-18,15,0,15,0,0,0,0,0.0
2018-11-19,210,120,90,0,120,0,0,0.0
2018-11-20,232,137,95,0,137,0,0,0.0
2018-11-21,215,112,103,0,112,0,0,0.0
2018-11-22,145,118,27,0,118,0,0,0.0
2018-11-23,217,139,78,0,139,0,0,0.0
2018-11-25,12,0,12,0,0,0,0,0.0
2018-11-26,251,138,113,0,138,0,0,0.0
2018-11-27,236,135,101,0,135,0,0,0.0
2018-11-28,250,143,107,0,143,0,0,0.0
2018-11-29,247,151,96,0,151,0,0,0.0
2018-11-30,114,114,0,0,114,0,0,0.0
2018-12-02,14,0,14,0,0,0,0,0.0
2018-12-03,242,153,89,0,153,0,0,0.0
2018-12-04,258,151,107,0,151,0,0,0.0
2018-12-05,269,154,115,0,154,0,0,0.0
2018-12-06,269,156,113,0,156,0,0,0.0
2018-12-07,229,135,94,0,135,0,0,0.0
2018-12-09,14,0,14,0,0,0,0,0.0
2018-12-10,250,141,109,0,141,0,0,0.0
2018-12-11,250,140,110,0,140,0,0,0.0
2018-12-12,222,126,96,0,126,0,0,0.0
2018-12-13,238,142,96,0,142,0,0,0.0
2018-12-14,221,149,72,0,149,0,0,0.0
2018-12-16,18,0,18,0,0,0,0,0.0
2018-12-17,252,150,102,0,150,0,0,0.0
2018-12-18,265,154,111,0,154,0,0,0.0
2018-12-19,251,122,129,0,122,0,0,0.0
2018-12-20,251,156,95,0,156,0,0,0.0
2018-12-21,190,113,77,0,113,0,0,0.0
2018-12-23,5,0,5,0,0,0,0,0.0
2018-12-24,143,134,9,0,134,0,0,0.0
2018-12-25,117,0,117,0,0,0,0,0.0
2018-12-26,231,154,77,0,154,0,0,0.0
2018-12-27,231,119,112,0,119,0,0,0.0
2018-12-28,224,129,95,0,129,0,0,0.0
2018-12-30,18,0,18,0,0,0,0,0.0
2018-12-31,233,138,95,0,138,0,0,0.0
2019-01-01,17,0,17,0,0,0,0,0.0
2019-01-02,239,128,111,0,128,0,0,0.0
2019-01-03,165,54,111,0,54,0,0,0.0
2019-01-04,248,152,96,0,152,0,0,0.0
2019-01-06,11,0,11,0,0,0,0,0.0
2019-01-07,238,150,88,0,150,0,0,0.0
2019-01-08,232,124,108,0,124,0,0,0.0
2019-01-09,223,120,103,0,120,0,0,0.0
2019-01-10,260,154,106,0,154,0,0,0.0
2019-01-11,212,127,85,0,127,0,0,0.0
2019-01-13,13,0,13,0,0,0,0,0.0
2019-01-14,243,131,112,0,131,0,0,0.0
2019-01-15,237,140,97,0,140,0,0,0.0
2019-01-16,220,118,102,0,118,0,0,0.0
2019-01-17,224,107,117,0,107,0,0,0.0
2019-01-18,236,141,95,0,141,0,0,0.0
2019-01-20,8,0,8,0,0,0,0,0.0
2019-01-21,204,102,102,0,102,0,0,0.0
2019-01-22,241,143,98,0,143,0,0,0.0
2019-01-23,238,139,99,0,139,0,0,0.0
2019-01-24,233,145,88,0,145,0,0,0.0
2019-01-25,246,151,95,0,151,0,0,0.0
2019-01-27,17,0,17,0,0,0,0,0.0
2019-01-28,242,138,104,0,138,0,0,0.0
2019-01-29,247,158,89,0,158,0,0,0.0
2019-01-30,198,150,48,0,150,0,0,0.0
2019-01-31,255,153,102,0,153,0,0,0.0
2019-02-01,240,152,88,0,152,0,0,0.0
2019-02-03,20,0,20,0,0,0,0,0.0
2019-02-04,232,121,111,0,121,0,0,0.0
2019-02-05,217,132,85,0,132,0,0,0.0
2019-02-06,256,152,104,0,152,0,0,0.0
2019-02-07,227,137,90,0,137,0,0,0.0
2019-02-08,189,126,63,0,126,0,0,0.0
2019-02-10,10,0,10,0,0,0,0,0.0
2019-02-11,249,158,91,0,158,0,0,0.0
2019-02-12,236,135,101,0,135,0,0,0.0
2019-02-13,246,136,110,0,136,0,0,0.0
2019-02-14,254,151,103,0,151,0,0,0.0
2019-02-15,226,142,84,0,142,0,0,0.0
2019-02-17,13,0,13,0,0,0,0,0.0
2019-02-18,250,144,106,0,144,0,0,0.0
2019-02-19,249,154,95,0,154,0,0,0.0
2019-02-20,259,152,107,0,152,0,0,0.0
2019-02-21,201,105,96,0,105,0,0,0.0
2019-02-22,248,158,90,0,158,0,0,0.0
2019-02-24,17,0,17,0,0,0,0,0.0
2019-02-25,218,149,69,0,149,0,0,0.0
2019-02-26,256,157,99,0,157,0,0,0.0
2019-02-27,239,156,83,0,156,0,0,0.0
2019-02-28,245,132,113,0,132,0,0,0.0
2019-03-01,214,118,96,0,118,0,0,0.0
2019-03-03,20,0,20,0,0,0,0,0.0
2019-03-04,229,132,97,0,132,0,0,0.0
2019-03-05,241,127,114,0,127,0,0,0.0
2019-03-06,230,131,99,0,131,0,0,0.0
2019-03-07,249,160,89,0,160,0,0,0.0
2019-03-08,232,128,104,0,128,0,0,0.0
2019-03-10,25,10,15,0,10,0,0,0.0
2019-03-11,221,145,76,0,145,0,0,0.0
2019-03-12,232,139,93,0,139,0,0,0.0
2019-03-13,249,138,111,0,138,0,0,0.0
2019-03-14,230,115,115,0,115,0,0,0.0
2019-03-15,188,99,89,0,99,0,0,0.0
2019-03-17,24,12,12,0,12,0,0,0.0
2019-03-18,252,139,113,0,139,0,0,0.0
2019-03-19,243,128,115,0,128,0,0,0.0
2019-03-20,246,129,117,0,129,0,0,0.0
2019-03-21,256,156,100,0,156,0,0,0.0
2019-03-22,236,144,92,0,144,0,0,0.0
2019-03-24,26,12,14,0,12,0,0,0.0
2019-03-25,218,133,85,0,133,0,0,0.0
2019-03-26,220,129,91,0,129,0,0,0.0
2019-03-27,124,109,15,0,109,0,0,0.0
2019-03-28,177,72,105,0,72,0,0,0.0
2019-03-29,143,48,95,0,48,0,0,0.0
2019-03-31,18,12,6,0,12,0,0,0.0
2019-04-01,252,145,107,0,145,0,0,0.0
2019-04-02,198,122,76,0,122,0,0,0.0
2019-04-03,198,89,109,0,89,0,0,0.0
2019-04-04,239,130,109,0,130,0,0,0.0
2019-04-05,196,100,96,0,100,0,0,0.0
2019-04-07,24,11,13,0,11,0,0,0.0
2019-04-08,250,135,115,0,135,0,0,0.0
2019-04-09,253,142,111,0,142,0,0,0.0
2019-04-10,247,153,94,0,153,0,0,0.0
2019-04-11,237,128,109,0,128,0,0,0.0
2019-04-12,217,121,96,0,121,0,0,0.0
2019-04-14,31,12,19,0,12,0,0,0.0
2019-04-15,172,74,98,0,74,0,0,0.0
2019-04-16,149,65,84,0,65,0,0,0.0
2019-04-17,229,123,106,0,123,0,0,0.0
2019-04-18,197,100,97,0,100,0,0,0.0
2019-04-19,138,51,87,0,51,0,0,0.0
2019-04-21,27,12,15,0,12,0,0,0.0
2019-04-22,135,50,85,0,50,0,0,0.0
2019-04-23,244,134,110,0,134,0,0,0.0
2019-04-24,255,153,102,0,153,0,0,0.0
2019-04-25,256,148,108,0,148,0,0,0.0
2019-04-26,237,139,98,0,139,0,0,0.0
2019-04-28,23,12,11,0,12,0,0,0.0
2019-04-29,220,118,102,0,118,0,0,0.0
2019-04-30,219,114,105,0,114,0,0,0.0
2019-05-01,244,141,103,0,141,0,0,0.0
2019-05-02,232,125,107,0,125,0,0,0.0
2019-05-03,222,131,91,0,131,0,0,0.0
2019-05-05,27,12,15,0,12,0,0,0.0
2019-05-06,217,127,90,0,127,0,0,0.0
2019-05-07,227,150,77,0,150,0,0,0.0
2019-05-08,205,106,99,0,106,0,0,0.0
2019-05-09,249,141,108,0,141,0,0,0.0
2019-05-10,223,128,95,0,128,0,0,0.0
2019-05-12,18,12,6,0,12,0,0,0.0
2019-05-13,182,129,53,0,129,0,0,0.0
2019-05-14,258,147,111,0,147,0,0,0.0
2019-05-15,262,154,108,0,154,0,0,0.0
2019-05-16,266,160,106,0,160,0,0,0.0
2019-05-17,231,135,96,0,135,0,0,0.0
2019-05-19,22,12,10,0,12,0,0,0.0
2019-05-20,268,157,111,0,157,0,0,0.0
2019-05-21,252,141,111,0,141,0,0,0.0
2019-05-22,233,139,94,0,139,0,0,0.0
2019-05-23,260,157,103,0,157,0,0,0.0
2019-05-24,228,133,95,0,133,0,0,0.0
2019-05-26,32,12,20,0,12,0,0,0.0
2019-05-27,256,141,115,0,141,0,0,0.0
2019-05-28,209,119,90,0,119,0,0,0.0
2019-05-29,227,130,97,0,130,0,0,0.0
2019-05-30,234,126,108,0,126,0,0,0.0
2019-05-31,218,122,96,0,122,0,0,0.0
2019-06-02,23,12,11,0,12,0,0,0.0
2019-06-03,229,145,84,0,145,0,0,0.0
2019-06-04,238,135,103,0,135,0,0,0.0
2019-06-05,248,156,92,0,156,0,0,0.0
2019-06-06,206,117,89,0,117,0,0,0.0
2019-06-07,220,122,98,0,122,0,0,0.0
2019-06-09,18,12,6,0,12,0,0,0.0
2019-06-10,213,134,79,0,134,0,0,0.0
2019-06-11,256,157,99,0,157,0,0,0.0
2019-06-12,180,77,103,0,77,0,0,0.0
2019-06-13,260,153,107,0,153,0,0,0.0
2019-06-14,218,122,96,0,122,0,0,0.0
2019-06-16,12,5,7,0,5,0,0,0.0
2019-06-17,231,124,107,0,124,0,0,0.0
2019-06-18,238,124,114,0,124,0,0,0.0
2019-06-19,235,120,115,0,120,0,0,0.0
2019-06-20,249,146,103,0,146,0,0,0.0
2019-06-21,206,128,78,0,128,0,0,0.0
2019-06-23,31,12,19,0,12,0,0,0.0
2019-06-24,244,148,96,0,148,0,0,0.0
2019-06-25,244,148,96,0,148,0,0,0.0
2019-06-26,237,133,104,0,133,0,0,0.0
2019-06-27,264,155,109,0,155,0,0,0.0
2019-06-28,219,123,96,0,123,0,0,0.0
2019-06-30,32,12,20,0,12,0,0,0.0
2019-07-01,190,133,57,0,133,0,0,0.0
2019-07-02,217,139,78,0,139,0,0,0.0
2019-07-03,265,151,114,0,151,0,0,0.0
2019-07-04,166,69,97,0,69,0,0,0.0
2019-07-05,204,108,96,0,108,0,0,0.0
2019-07-07,1,0,1,0,0,0,0,0.0
2019-07-08,247,160,87,0,160,0,0,0.0
2019-07-09,208,100,108,0,100,0,0,0.0
2019-07-10,259,146,113,0,146,0,0,0.0
2019-07-11,246,139,107,0,139,0,0,0.0
2019-07-12,215,119,96,0,119,0,0,0.0
2019-07-14,19,12,7,0,12,0,0,0.0
2019-07-15,212,121,91,0,121,0,0,0.0
2019-07-16,236,124,112,0,124,0,0,0.0
2019-07-17,231,121,110,0,121,0,0,0.0
2019-07-18,240,143,97,0,143,0,0,0.0
2019-07-19,123,93,30,0,93,0,0,0.0
2019-07-21,22,5,17,0,5,0,0,0.0
2019-07-22,197,93,104,0,93,0,0,0.0
2019-07-23,242,133,109,0,133,0,0,0.0
2019-07-24,241,136,105,0,136,0,0,0.0
2019-07-25,216,133,83,0,133,0,0,0.0
2019-07-26,132,58,74,0,58,0,0,0.0
2019-07-28,6,0,6,0,0,0,0,0.0
2019-07-29,238,146,92,0,146,0,0,0.0
2019-07-30,237,136,101,0,136,0,0,0.0
2019-07-31,214,104,110,0,104,0,0,0.0
2019-08-01,268,155,113,0,155,0,0,0.0
2019-08-02,232,137,95,0,137,0,0,0.0
2019-08-04,20,12,8,0,12,0,0,0.0
2019-08-05,231,131,100,0,131,0,0,0.0
2019-08-06,162,56,106,0,56,0,0,0.0
2019-08-07,230,126,104,0,126,0,0,0.0
2019-08-08,156,107,49,0,107,0,0,0.0
2019-08-09,234,141,93,0,141,0,0,0.0
2019-08-11,27,12,15,0,12,0,0,0.0
2019-08-12,258,149,109,0,149,0,0,0.0
2019-08-13,262,129,133,0,129,0,0,0.0
2019-08-14,234,120,114,0,120,0,0,0.0
2019-08-15,238,129,109,0,129,0,0,0.0
2019-08-16,186,105,81,0,105,0,0,0.0
2019-08-18,20,5,15,0,5,0,0,0.0
2019-08-19,112,84,28,0,84,0,0,0.0
2019-08-20,179,102,77,0,102,0,0,0.0
2019-08-21,255,147,108,0,147,0,0,0.0
2019-08-22,261,155,106,0,155,0,0,0.0
2019-08-23,225,106,119,0,106,0,0,0.0
2019-08-25,23,12,11,0,12,0,0,0.0
2019-08-26,183,79,104,0,79,0,0,0.0
2019-08-27,211,105,106,0,105,0,0,0.0
2019-08-28,237,132,105,0,132,0,0,0.0
2019-08-29,264,157,107,0,157,0,0,0.0
2019-08-30,234,139,95,0,139,0,0,0.0
2019-09-01,13,12,1,0,12,0,0,0.0
2019-09-02,247,151,96,0,151,0,0,0.0
2019-09-03,241,132,109,0,132,0,0,0.0
2019-09-04,192,97,95,0,97,0,0,0.0
2019-09-05,265,142,123,0,142,0,0,0.0
2019-09-06,172,93,79,0,93,0,0,0.0
2019-09-08,7,0,7,0,0,0,0,0.0
2019-09-09,176,130,46,0,130,0,0,0.0
2019-09-10,243,138,105,0,138,0,0,0.0
2019-09-11,222,116,106,0,116,0,0,0.0
2019-09-12,249,137,112,0,137,0,0,0.0
2019-09-13,113,59,54,0,59,0,0,0.0
2019-09-15,12,12,0,0,12,0,0,0.0
2019-09-16,177,151,26,0,151,0,0,0.0
2019-09-17,133,35,98,0,35,0,0,0.0
2019-09-18,220,106,114,0,106,0,0,0.0
2019-09-19,250,147,103,0,147,0,0,0.0
2019-09-20,228,132,96,0,132,0,0,0.0
2019-09-22,19,12,7,0,12,0,0,0.0
2019-09-23,124,85,39,0,85,0,0,0.0
2019-09-24,258,149,109,0,149,0,0,0.0
2019-09-25,226,122,104,0,122,0,0,0.0
2019-09-26,248,138,110,0,138,0,0,0.0
2019-09-27,224,131,93,0,131,0,0,0.0
2019-09-29,30,12,18,0,12,0,0,0.0
2019-09-30,240,146,94,0,146,0,0,0.0
2019-10-01,232,136,96,0,136,0,0,0.0
2019-10-02,249,148,101,0,148,0,0,0.0
2019-10-03,261,157,104,0,157,0,0,0.0
2019-10-04,224,122,102,0,122,0,0,0.0
2019-10-06,26,12,14,0,12,0,0,0.0
2019-10-07,220,134,86,0,134,0,0,0.0
2019-10-08,262,148,114,0,148,0,0,0.0
2019-10-09,255,141,114,0,141,0,0,0.0
2019-10-10,219,133,86,0,133,0,0,0.0
2019-10-11,234,144,90,0,144,0,0,0.0
2019-10-13,25,9,16,0,9,0,0,0.0
2019-10-14,259,154,105,0,154,0,0,0.0
2019-10-15,253,154,99,0,154,0,0,0.0
2019-10-16,258,144,114,0,144,0,0,0.0
2019-10-17,243,136,107,0,136,0,0,0.0
2019-10-18,162,69,93,0,69,0,0,0.0
2019-10-20,4,4,0,0,4,0,0,0.0
2019-10-21,234,124,110,0,124,0,0,0.0
2019-10-22,256,144,112,0,144,0,0,0.0
2019-10-23,242,136,106,0,136,0,0,0.0
2019-10-24,192,96,96,0,96,0,0,0.0
2019-10-25,237,143,94,0,143,0,0,0.0
2019-10-27,14,12,2,0,12,0,0,0.0
2019-10-28,260,156,104,0,156,0,0,0.0
2019-10-29,173,118,55,0,118,0,0,0.0
2019-10-30,221,141,80,0,141,0,0,0.0
2019-10-31,253,154,99,0,154,0,0,0.0
2019-11-01,206,133,73,0,133,0,0,0.0
2019-11-03,2,0,2,0,0,0,0,0.0
2019-11-04,155,123,32,0,123,0,0,0.0
2019-11-05,206,110,96,0,110,0,0,0.0
2019-11-06,201,106,95,0,106,0,0,0.0
2019-11-07,248,152,96,0,152,0,0,0.0
2019-11-08,245,157,88,0,157,0,0,0.0
2019-11-10,18,0,18,0,0,0,0,0.0
2019-11-11,220,125,95,0,125,0,0,0.0
2019-11-12,240,140,100,0,140,0,0,0.0
2019-11-13,246,152,94,0,152,0,0,0.0
2019-11-14,236,149,87,0,149,0,0,0.0
2019-11-15,239,143,96,0,143,0,0,0.0
2019-11-17,14,0,14,0,0,0,0,0.0
2019-11-18,254,151,103,0,151,0,0,0.0
2019-11-19,267,160,107,0,160,0,0,0.0
2019-11-20,236,127,109,0,127,0,0,0.0
2019-11-21,127,53,74,0,53,0,0,0.0
2019-11-22,221,151,70,0,151,0,0,0.0
2019-11-24,13,0,13,0,0,0,0,0.0
2019-11-25,208,93,115,0,93,0,0,0.0
2019-11-26,247,133,114,0,133,0,0,0.0
2019-11-27,265,157,108,0,157,0,0,0.0
2019-11-28,245,150,95,0,150,0,0,0.0
2019-11-29,239,143,96,0,143,0,0,0.0
2019-12-01,17,0,17,0,0,0,0,0.0
2019-12-02,248,133,115,0,133,0,0,0.0
2019-12-03,265,153,112,0,153,0,0,0.0
2019-12-04,247,136,111,0,136,0,0,0.0
2019-12-05,234,142,92,0,142,0,0,0.0
2019-12-06,243,125,118,0,125,0,0,0.0
2019-12-08,14,0,14,0,0,0,0,0.0
2019-12-09,232,135,97,0,135,0,0,0.0
2019-12-10,263,152,111,0,152,0,0,0.0
2019-12-11,162,147,15,0,147,0,0,0.0
2019-12-12,217,140,77,0,140,0,0,0.0
2019-12-13,196,137,59,0,137,0,0,0.0
2019-12-15,17,0,17,0,0,0,0,0.0
2019-12-16,222,109,113,0,109,0,0,0.0
2019-12-17,166,131,35,0,131,0,0,0.0
2019-12-18,158,73,85,0,73,0,0,0.0
2019-12-19,196,141,55,0,141,0,0,0.0
2019-12-20,159,139,20,0,139,0,0,0.0
2019-12-22,19,0,19,0,0,0,0,0.0
2019-12-23,180,136,44,0,136,0,0,0.0
2019-12-24,212,130,82,0,130,0,0,0.0
2019-12-25,98,0,98,0,0,0,0,0.0
2019-12-26,250,154,96,0,154,0,0,0.0
2019-12-27,198,106,92,0,106,0,0,0.0
2019-12-29,6,0,6,0,0,0,0,0.0
2019-12-30,260,147,113,0,147,0,0,0.0
2019-12-31,237,141,96,0,141,0,0,0.0
2020-01-01,0,0,0,0,0,0,0,0.0
2020-01-02,143,122,21,0,122,0,0,0.0
2020-01-03,209,123,86,0,123,0,0,0.0
2020-01-05,14,0,14,0,0,0,0,0.0
2020-01-06,248,139,109,0,139,0,0,0.0
2020-01-07,232,126,106,0,126,0,0,0.0
2020-01-08,229,126,103,0,126,0,0,0.0
2020-01-09,242,146,96,0,146,0,0,0.0
2020-01-10,197,158,39,0,158,0,0,0.0
2020-01-12,15,0,15,0,0,0,0,0.0
2020-01-13,247,142,105,0,142,0,0,0.0
2020-01-14,209,104,105,0,104,0,0,0.0
2020-01-15,211,111,100,0,111,0,0,0.0
2020-01-16,258,150,108,0,150,0,0,0.0
2020-01-17,191,102,89,0,102,0,0,0.0
2020-01-19,6,0,6,0,0,0,0,0.0
2020-01-20,207,133,74,0,133,0,0,0.0
2020-01-21,239,132,107,0,132,0,0,0.0
2020-01-22,255,144,111,0,144,0,0,0.0
2020-01-23,239,125,114,0,125,0,0,0.0
2020-01-24,235,144,91,0,144,0,0,0.0
2020-01-26,13,0,13,0,0,0,0,0.0
2020-01-27,209,145,64,0,145,0,0,0.0
2020-01-28,258,154,104,0,154,0,0,0.0
2020-01-29,167,100,67,0,100,0,0,0.0
2020-01-30,241,133,108,0,133,0,0,0.0
2020-01-31,246,152,94,0,152,0,0,0.0
2020-02-02,1,0,1,0,0,0,0,0.0
2020-02-03,210,104,106,0,104,0,0,0.0
2020-02-04,251,155,96,0,155,0,0,0.0
2020-02-05,164,95,69,0,95,0,0,0.0
2020-02-06,245,141,104,0,141,0,0,0.0
2020-02-07,249,153,96,0,153,0,0,0.0
2020-02-09,18,0,18,0,0,0,0,0.0
2020-02-10,192,95,97,0,95,0,0,0.0
2020-02-11,213,116,97,0,116,0,0,0.0
2020-02-12,258,159,99,0,159,0,0,0.0
2020-02-13,247,140,107,0,140,0,0,0.0
2020-02-14,215,157,58,0,157,0,0,0.0
2020-02-16,0,0,0,0,0,0,0,0.0
2020-02-17,174,150,24,0,150,0,0,0.0
2020-02-18,223,116,107,0,116,0,0,0.0
2020-02-19,268,155,113,0,155,0,0,0.0
2020-02-20,238,129,109,0,129,0,0,0.0
2020-02-21,239,140,99,0,140,0,0,0.0
2020-02-23,13,0,13,0,0,0,0,0.0
2020-02-24,261,155,106,0,155,0,0,0.0
2020-02-25,265,150,115,0,150,0,0,0.0
2020-02-26,221,114,107,0,114,0,0,0.0
2020-02-27,229,123,106,0,123,0,0,0.0
2020-02-28,223,155,68,0,155,0,0,0.0
2020-03-01,3,0,3,0,0,0,0,0.0
2020-03-02,241,144,97,0,144,0,0,0.0
2020-03-03,219,109,110,0,109,0,0,0.0
2020-03-04,208,100,108,0,100,0,0,0.0
2020-03-05,241,135,106,0,135,0,0,0.0
2020-03-06,236,145,91,0,145,0,0,0.0
2020-03-08,27,12,15,0,12,0,0,0.0
2020-03-09,199,87,112,0,87,0,0,0.0
2020-03-10,244,143,101,0,143,0,0,0.0
2020-03-11,242,129,113,0,129,0,0,0.0
2020-03-12,240,134,106,0,134,0,0,0.0
2020-03-13,226,131,95,0,131,0,0,0.0
2020-03-15,22,12,10,0,12,0,0,0.0
2020-03-16,195,156,39,0,156,0,0,0.0
2020-03-17,250,134,116,0,134,0,0,0.0
2020-03-18,237,134,103,0,134,0,0,0.0
2020-03-19,246,136,110,0,136,0,0,0.0
2020-03-20,232,138,94,0,138,0,0,0.0
2020-03-22,15,6,9,0,6,0,0,0.0
2020-03-23,253,144,109,0,144,0,0,0.0
2020-03-24,267,152,115,0,152,0,0,0.0
2020-03-25,257,147,110,0,147,0,0,0.0
2020-03-26,207,96,111,0,96,0,0,0.0
2020-03-27,211,115,96,0,115,0,0,0.0
2020-03-29,25,12,13,0,12,0,0,0.0
2020-03-30,166,73,93,0,73,0,0,0.0
2020-03-31,259,145,114,0,145,0,0,0.0
2020-04-01,261,149,112,0,149,0,0,0.0
2020-04-02,241,126,115,0,126,0,0,0.0
2020-04-03,175,123,52,0,123,0,0,0.0
2020-04-05,23,12,11,0,12,0,0,0.0
2020-04-06,213,99,114,0,99,0,0,0.0
2020-04-07,247,136,111,0,136,0,0,0.0
2020-04-08,249,153,96,0,153,0,0,0.0
2020-04-09,274,160,114,0,160,0,0,0.0
2020-04-10,222,133,89,0,133,0,0,0.0
2020-04-12,14,12,2,0,12,0,0,0.0
2020-04-13,220,118,102,0,118,0,0,0.0
2020-04-14,242,152,90,0,152,0,0,0.0
2020-04-15,236,131,105,0,131,0,0,0.0
2020-04-16,251,149,102,0,149,0,0,0.0
2020-04-17,220,124,96,0,124,0,0,0.0
2020-04-19,21,3,18,0,3,0,0,0.0
2020-04-20,254,144,110,0,144,0,0,0.0
2020-04-21,174,64,110,0,64,0,0,0.0
2020-04-22,179,84,95,0,84,0,0,0.0
2020-04-23,191,138,53,0,138,0,0,0.0
2020-04-24,237,143,94,0,143,0,0,0.0
2020-04-26,25,10,15,0,10,0,0,0.0
2020-04-27,252,151,101,0,151,0,0,0.0
2020-04-28,266,152,114,0,152,0,0,0.0
2020-04-29,207,111,96,0,111,0,0,0.0
2020-04-30,232,128,104,0,128,0,0,0.0
2020-05-01,190,142,48,0,142,0,0,0.0
2020-05-03,17,11,6,0,11,0,0,0.0
2020-05-04,241,128,113,0,128,0,0,0.0
2020-05-05,246,136,110,0,136,0,0,0.0
2020-05-06,265,151,114,0,151,0,0,0.0
2020-05-07,265,155,110,0,155,0,0,0.0
2020-05-08,195,100,95,0,100,0,0,0.0
2020-05-10,32,12,20,0,12,0,0,0.0
2020-05-11,250,145,105,0,145,0,0,0.0
2020-05-12,229,119,110,0,119,0,0,0.0
2020-05-13,243,136,107,0,136,0,0,0.0
2020-05-14,245,140,105,0,140,0,0,0.0
2020-05-15,214,135,79,0,135,0,0,0.0
2020-05-17,29,12,17,0,12,0,0,0.0
2020-05-18,183,142,41,0,142,0,0,0.0
2020-05-19,265,149,116,0,149,0,0,0.0
2020-05-20,217,135,82,0,135,0,0,0.0
2020-05-21,215,118,97,0,118,0,0,0.0
2020-05-22,171,91,80,0,91,0,0,0.0
2020-05-24,16,6,10,0,6,0,0,0.0
2020-05-25,168,106,62,0,106,0,0,0.0
2020-05-26,215,111,104,0,111,0,0,0.0
2020-05-27,228,152,76,0,152,0,0,0.0
2020-05-28,245,146,99,0,146,0,0,0.0
2020-05-29,212,122,90,0,122,0,0,0.0
2020-05-31,26,12,14,0,12,0,0,0.0
2020-06-01,250,143,107,0,143,0,0,0.0
2020-06-02,241,143,98,0,143,0,0,0.0
2020-06-03,253,142,111,0,142,0,0,0.0
2020-06-04,256,147,109,0,147,0,0,0.0
2020-06-05,187,102,85,0,102,0,0,0.0
2020-06-07,7,4,3,0,4,0,0,0.0
2020-06-08,260,150,110,0,150,0,0,0.0
2020-06-09,266,155,111,0,155,0,0,0.0
2020-06-10,253,146,107,0,146,0,0,0.0
2020-06-11,208,101,107,0,101,0,0,0.0
2020-06-12,213,119,94,0,119,0,0,0.0
2020-06-14,15,11,4,0,11,0,0,0.0
2020-06-15,221,120,101,0,120,0,0,0.0
2020-06-16,230,143,87,0,143,0,0,0.0
2020-06-17,205,100,105,0,100,0,0,0.0
2020-06-18,225,119,106,0,119,0,0,0.0
2020-06-19,162,77,85,0,77,0,0,0.0
2020-06-21,14,12,2,0,12,0,0,0.0
2020-06-22,222,124,98,0,124,0,0,0.0
2020-06-23,169,58,111,0,58,0,0,0.0
2020-06-24,206,116,90,0,116,0,0,0.0
2020-06-25,212,152,60,0,152,0,0,0.0
2020-06-26,224,143,81,0,143,0,0,0.0
2020-06-28,14,12,2,0,12,0,0,0.0
2020-06-29,199,135,64,0,135,0,0,0.0
2020-06-30,246,145,101,0,145,0,0,0.0
2020-07-01,162,57,105,0,57,0,0,0.0
2020-07-02,226,144,82,0,144,0,0,0.0
2020-07-03,168,110,58,0,110,0,0,0.0
2020-07-05,19,8,11,0,8,0,0,0.0
2020-07-06,239,129,110,0,129,0,0,0.0
2020-07-07,258,152,106,0,152,0,0,0.0
2020-07-08,260,154,106,0,154,0,0,0.0
2020-07-09,228,126,102,0,126,0,0,0.0
2020-07-10,233,137,96,0,137,0,0,0.0
2020-07-12,25,12,13,0,12,0,0,0.0
2020-07-13,191,107,84,0,107,0,0,0.0
2020-07-14,241,152,89,0,152,0,0,0.0
2020-07-15,215,153,62,0,153,0,0,0.0
2020-07-16,254,157,97,0,157,0,0,0.0
2020-07-17,220,126,94,0,126,0,0,0.0
2020-07-19,12,10,2,0,10,0,0,0.0
2020-07-20,248,142,106,0,142,0,0,0.0
2020-07-21,270,154,116,0,154,0,0,0.0
2020-07-22,229,144,85,0,144,0,0,0.0
2020-07-23,229,149,80,0,149,0,0,0.0
2020-07-24,222,126,96,0,126,0,0,0.0
2020-07-26,8,0,8,0,0,0,0,0.0
2020-07-27,215,119,96,0,119,0,0,0.0
2020-07-28,209,113,96,0,113,0,0,0.0
2020-07-29,215,117,98,0,117,0,0,0.0
2020-07-30,231,119,112,0,119,0,0,0.0
2020-07-31,243,147,96,0,147,0,0,0.0
2020-08-02,16,12,4,0,12,0,0,0.0
2020-08-03,242,156,86,0,156,0,0,0.0
2020-08-04,260,148,112,0,148,0,0,0.0
2020-08-05,198,97,101,0,97,0,0,0.0
2020-08-06,192,93,99,0,93,0,0,0.0
2020-08-07,210,116,94,0,116,0,0,0.0
2020-08-09,18,12,6,0,12,0,0,0.0
2020-08-10,220,115,105,0,115,0,0,0.0
2020-08-11,245,137,108,0,137,0,0,0.0
2020-08-12,243,143,100,0,143,0,0,0.0
2020-08-13,227,115,112,0,115,0,0,0.0
2020-08-14,194,117,77,0,117,0,0,0.0
2020-08-16,20,11,9,0,11,0,0,0.0
2020-08-17,243,151,92,0,151,0,0,0.0
2020-08-18,241,125,116,0,125,0,0,0.0
2020-08-19,261,151,110,0,151,0,0,0.0
2020-08-20,232,131,101,0,131,0,0,0.0
2020-08-21,238,142,96,0,142,0,0,0.0
2020-08-23,30,12,18,0,12,0,0,0.0
2020-08-24,200,141,59,0,141,0,0,0.0
2020-08-25,206,103,103,0,103,0,0,0.0
2020-08-26,240,131,109,0,131,0,0,0.0
2020-08-27,210,122,88,0,122,0,0,0.0
2020-08-28,231,135,96,0,135,0,0,0.0
2020-08-30,12,9,3,0,9,0,0,0.0
2020-08-31,176,147,29,0,147,0,0,0.0
2020-09-01,268,158,110,0,158,0,0,0.0
2020-09-02,156,43,113,0,43,0,0,0.0
2020-09-03,265,154,111,0,154,0,0,0.0
2020-09-04,207,135,72,0,135,0,0,0.0
2020-09-06,26,12,14,0,12,0,0,0.0
2020-09-07,251,147,104,0,147,0,0,0.0
2020-09-08,229,121,108,0,121,0,0,0.0
2020-09-09,113,84,29,0,84,0,0,0.0
2020-09-10,237,129,108,0,129,0,0,0.0
2020-09-11,206,119,87,0,119,0,0,0.0
2020-09-13,24,12,12,0,12,0,0,0.0
2020-09-14,256,155,101,0,155,0,0,0.0
2020-09-15,231,131,100,0,131,0,0,0.0
2020-09-16,236,121,115,0,121,0,0,0.0
2020-09-17,269,156,113,0,156,0,0,0.0
2020-09-18,211,118,93,0,118,0,0,0.0
2020-09-20,12,12,0,0,12,0,0,0.0
2020-09-21,213,126,87,0,126,0,0,0.0
2020-09-22,261,160,101,0,160,0,0,0.0
2020-09-23,241,143,98,0,143,0,0,0.0
2020-09-24,204,98,106,0,98,0,0,0.0
2020-09-25,232,147,85,0,147,0,0,0.0
2020-09-27,27,12,15,0,12,0,0,0.0
2020-09-28,213,103,110,0,103,0,0,0.0
2020-09-29,205,110,95,0,110,0,0,0.0
2020-09-30,255,154,101,0,154,0,0,0.0
2020-10-01,230,139,91,0,139,0,0,0.0
2020-10-02,202,118,84,0,118,0,0,0.0
2020-10-04,21,8,13,0,8,0,0,0.0
2020-10-05,213,111,102,0,111,0,0,0.0
2020-10-06,212,108,104,0,108,0,0,0.0
2020-10-07,252,155,97,0,155,0,0,0.0
2020-10-08,177,96,81,0,96,0,0,0.0
2020-10-09,213,117,96,0,117,0,0,0.0
2020-10-11,31,12,19,0,12,0,0,0.0
2020-10-12,189,83,106,0,83,0,0,0.0
2020-10-13,194,99,95,0,99,0,0,0.0
2020-10-14,240,135,105,0,135,0,0,0.0
2020-10-15,260,146,114,0,146,0,0,0.0
2020-10-16,211,115,96,0,115,0,0,0.0
2020-10-18,11,0,11,0,0,0,0,0.0
2020-10-19,221,155,66,0,155,0,0,0.0
2020-10-20,253,153,100,0,153,0,0,0.0
2020-10-21,243,134,109,0,134,0,0,0.0
2020-10-22,257,150,107,0,150,0,0,0.0
2020-10-23,160,65,95,0,65,0,0,0.0
2020-10-25,29,12,17,0,12,0,0,0.0
2020-10-26,250,143,107,0,143,0,0,0.0
2020-10-27,248,147,101,0,147,0,0,0.0
2020-10-28,238,138,100,0,138,0,0,0.0
2020-10-29,253,150,103,0,150,0,0,0.0
2020-10-30,188,92,96,0,92,0,0,0.0
2020-11-01,8,0,8,0,0,0,0,0.0
2020-11-02,249,153,96,0,153,0,0,0.0
2020-11-03,188,147,41,0,147,0,0,0.0
2020-11-04,250,137,113,0,137,0,0,0.0
2020-11-05,201,85,116,0,85,0,0,0.0
2020-11-06,190,102,88,0,102,0,0,0.0
2020-11-08,20,0,20,0,0,0,0,0.0
2020-11-09,244,139,105,0,139,0,0,0.0
2020-11-10,168,72,96,0,72,0,0,0.0
2020-11-11,177,82,95,0,82,0,0,0.0
2020-11-12,250,146,104,0,146,0,0,0.0
2020-11-13,248,152,96,0,152,0,0,0.0
2020-11-15,0,0,0,0,0,0,0,0.0
2020-11-16,235,147,88,0,147,0,0,0.0
2020-11-17,206,91,115,0,91,0,0,0.0
2020-11-18,235,126,109,0,126,0,0,0.0
2020-11-19,218,131,87,0,131,0,0,0.0
2020-11-20,190,101,89,0,101,0,0,0.0
2020-11-22,16,0,16,0,0,0,0,0.0
2020-11-23,178,120,58,0,120,0,0,0.0
2020-11-24,203,111,92,0,111,0,0,0.0
2020-11-25,191,87,104,0,87,0,0,0.0
2020-11-26,208,96,112,0,96,0,0,0.0
2020-11-27,224,128,96,0,128,0,0,0.0
2020-11-29,15,0,15,0,0,0,0,0.0
2020-11-30,235,130,105,0,130,0,0,0.0
2020-12-01,242,132,110,0,132,0,0,0.0
2020-12-02,255,139,116,0,139,0,0,0.0
2020-12-03,222,117,105,0,117,0,0,0.0
2020-12-04,191,107,84,0,107,0,0,0.0
2020-12-06,17,0,17,0,0,0,0,0.0
2020-12-07,213,143,70,0,143,0,0,0.0
2020-12-08,185,91,94,0,91,0,0,0.0
2020-12-09,267,155,112,0,155,0,0,0.0
2020-12-10,229,129,100,0,129,0,0,0.0
2020-12-11,220,124,96,0,124,0,0,0.0
2020-12-13,1,0,1,0,0,0,0,0.0
2020-12-14,183,148,35,0,148,0,0,0.0
2020-12-15,231,145,86,0,145,0,0,0.0
2020-12-16,261,152,109,0,152,0,0,0.0
2020-12-17,205,104,101,0,104,0,0,0.0
2020-12-18,168,72,96,0,72,0,0,0.0
2020-12-20,0,0,0,0,0,0,0,0.0
2020-12-21,154,136,18,0,136,0,0,0.0
2020-12-22,233,125,108,0,125,0,0,0.0
2020-12-23,173,59,114,0,59,0,0,0.0
2020-12-24,228,116,112,0,116,0,0,0.0
2020-12-25,58,0,58,0,0,0,0,0.0
2020-12-27,17,0,17,0,0,0,0,0.0
2020-12-28,225,147,78,0,147,0,0,0.0
2020-12-29,223,120,103,0,120,0,0,0.0
2020-12-30,247,147,100,0,147,0,0,0.0
2020-12-31,143,143,0,0,143,0,0,0.0
2021-01-03,13,0,13,0,0,0,0,0.0
2021-01-04,253,151,102,0,151,0,0,0.0
2021-01-05,254,149,105,0,149,0,0,0.0
2021-01-06,223,135,88,0,135,0,0,0.0
2021-01-07,246,145,101,0,145,0,0,0.0
2021-01-08,239,153,86,0,153,0,0,0.0
2021-01-10,19,0,19,0,0,0,0,0.0
2021-01-11,232,129,103,0,129,0,0,0.0
2021-01-12,191,116,75,0,116,0,0,0.0
2021-01-13,203,97,106,0,97,0,0,0.0
2021-01-14,210,109,101,0,109,0,0,0.0
2021-01-15,160,125,35,0,125,0,0,0.0
2021-01-17,5,0,5,0,0,0,0,0.0
2021-01-18,236,133,103,0,133,0,0,0.0
2021-01-19,202,106,96,0,106,0,0,0.0
2021-01-20,248,148,100,0,148,0,0,0.0
2021-01-21,258,156,102,0,156,0,0,0.0
2021-01-22,209,113,96,0,113,0,0,0.0
2021-01-24,1,0,1,0,0,0,0,0.0
2021-01-25,188,115,73,0,115,0,0,0.0
2021-01-26,190,120,70,0,120,0,0,0.0
2021-01-27,248,155,93,0,155,0,0,0.0
2021-01-28,220,115,105,0,115,0,0,0.0
2021-01-29,195,99,96,0,99,0,0,0.0
2021-01-31,18,0,18,0,0,0,0,0.0
2021-02-01,190,90,100,0,90,0,0,0.0
2021-02-02,222,134,88,0,134,0,0,0.0
2021-02-03,186,86,100,0,86,0,0,0.0
2021-02-04,256,152,104,0,152,0,0,0.0
2021-02-05,212,156,56,0,156,0,0,0.0
2021-02-07,18,0,18,0,0,0,0,0.0
2021-02-08,260,155,105,0,155,0,0,0.0
2021-02-09,207,98,109,0,98,0,0,0.0
2021-02-10,256,156,100,0,156,0,0,0.0
2021-02-11,167,136,31,0,136,0,0,0.0
2021-02-12,234,146,88,0,146,0,0,0.0
2021-02-14,14,0,14,0,0,0,0,0.0
2021-02-15,230,127,103,0,127,0,0,0.0
2021-02-16,268,154,114,0,154,0,0,0.0
2021-02-17,221,125,96,0,125,0,0,0.0
2021-02-18,190,100,90,0,100,0,0,0.0
2021-02-19,249,160,89,0,160,0,0,0.0
2021-02-21,15,0,15,0,0,0,0,0.0
2021-02-22,246,147,99,0,147,0,0,0.0
2021-02-23,242,146,96,0,146,0,0,0.0
2021-02-24,223,110,113,0,110,0,0,0.0
2021-02-25,245,135,110,0,135,0,0,0.0
2021-02-26,233,148,85,0,148,0,0,0.0
2021-02-28,6,0,6,0,0,0,0,0.0
2021-03-01,235,144,91,0,144,0,0,0.0
2021-03-02,241,134,107,0,134,0,0,0.0
2021-03-03,265,151,114,0,151,0,0,0.0
2021-03-04,268,159,109,0,159,0,0,0.0
2021-03-05,204,115,89,0,115,0,0,0.0
2021-03-07,13,0,13,0,0,0,0,0.0
2021-03-08,238,148,90,0,148,0,0,0.0
2021-03-09,262,148,114,0,148,0,0,0.0
2021-03-10,211,100,111,0,100,0,0,0.0
2021-03-11,224,120,104,0,120,0,0,0.0
2021-03-12,149,53,96,0,53,0,0,0.0
2021-03-14,22,4,18,0,4,0,0,0.0
2021-03-15,216,123,93,0,123,0,0,0.0
2021-03-16,179,79,100,0,79,0,0,0.0
2021-03-17,261,147,114,0,147,0,0,0.0
2021-03-18,257,148,109,0,148,0,0,0.0
2021-03-19,165,69,96,0,69,0,0,0.0
2021-03-21,21,12,9,0,12,0,0,0.0
2021-03-22,106,77,29,0,77,0,0,0.0
2021-03-23,227,124,103,0,124,0,0,0.0
2021-03-24,201,98,103,0,98,0,0,0.0
2021-03-25,245,131,114,0,131,0,0,0.0
2021-03-26,233,137,96,0,137,0,0,0.0
2021-03-28,28,12,16,0,12,0,0,0.0
2021-03-29,251,153,98,0,153,0,0,0.0
2021-03-30,221,109,112,0,109,0,0,0.0
2021-03-31,210,95,115,0,95,0,0,0.0
2021-04-01,244,148,96,0,148,0,0,0.0
2021-04-02,148,57,91,0,57,0,0,0.0
2021-04-04,13,0,13,0,0,0,0,0.0
2021-04-05,196,126,70,0,126,0,0,0.0
2021-04-06,193,88,105,0,88,0,0,0.0
2021-04-07,212,115,97,0,115,0,0,0.0
2021-04-08,249,146,103,0,146,0,0,0.0
2021-04-09,208,147,61,0,147,0,0,0.0
2021-04-11,30,11,19,0,11,0,0,0.0
2021-04-12,262,156,106,0,156,0,0,0.0
2021-04-13,254,140,114,0,140,0,0,0.0
2021-04-14,202,100,102,0,100,0,0,0.0
2021-04-15,243,139,104,0,139,0,0,0.0
2021-04-16,227,133,94,0,133,0,0,0.0
2021-04-18,29,12,17,0,12,0,0,0.0
2021-04-19,145,41,104,0,41,0,0,0.0
2021-04-20,258,148,110,0,148,0,0,0.0
2021-04-21,265,150,115,0,150,0,0,0.0
2021-04-22,241,128,113,0,128,0,0,0.0
2021-04-23,199,122,77,0,122,0,0,0.0
2021-04-25,29,12,17,0,12,0,0,0.0
2021-04-26,245,131,114,0,131,0,0,0.0
2021-04-27,261,147,114,0,147,0,0,0.0
2021-04-28,261,145,116,0,145,0,0,0.0
2021-04-29,212,102,110,0,102,0,0,0.0
2021-04-30,235,139,96,0,139,0,0,0.0
2021-05-02,13,12,1,0,12,0,0,0.0
2021-05-03,265,156,109,0,156,0,0,0.0
2021-05-04,257,149,108,0,149,0,0,0.0
2021-05-05,223,115,108,0,115,0,0,0.0
2021-05-06,266,157,109,0,157,0,0,0.0
2021-05-07,137,45,92,0,45,0,0,0.0
2021-05-09,0,0,0,0,0,0,0,0.0
2021-05-10,216,113,103,0,113,0,0,0.0
2021-05-11,223,123,100,0,123,0,0,0.0
2021-05-12,260,159,101,0,159,0,0,0.0
2021-05-13,193,107,86,0,107,0,0,0.0
2021-05-14,163,67,96,0,67,0,0,0.0
2021-05-16,32,12,20,0,12,0,0,0.0
2021-05-17,156,92,64,0,92,0,0,0.0
2021-05-18,202,104,98,0,104,0,0,0.0
2021-05-19,236,123,113,0,123,0,0,0.0
2021-05-20,255,140,115,0,140,0,0,0.0
2021-05-21,212,118,94,0,118,0,0,0.0
2021-05-23,17,12,5,0,12,0,0,0.0
2021-05-24,241,157,84,0,157,0,0,0.0
2021-05-25,228,137,91,0,137,0,0,0.0
2021-05-26,224,149,75,0,149,0,0,0.0
2021-05-27,268,159,109,0,159,0,0,0.0
2021-05-28,225,130,95,0,130,0,0,0.0
2021-05-30,23,12,11,0,12,0,0,0.0
2021-05-31,251,137,114,0,137,0,0,0.0
2021-06-01,221,119,102,0,119,0,0,0.0
2021-06-02,271,156,115,0,156,0,0,0.0
2021-06-03,267,156,111,0,156,0,0,0.0
2021-06-04,234,135,99,0,135,0,0,0.0
2021-06-06,29,12,17,0,12,0,0,0.0
2021-06-07,100,30,70,0,30,0,0,0.0
2021-06-08,253,148,105,0,148,0,0,0.0
2021-06-09,246,146,100,0,146,0,0,0.0
2021-06-10,261,153,108,0,153,0,0,0.0
2021-06-11,205,117,88,0,117,0,0,0.0
2021-06-13,3,0,3,0,0,0,0,0.0
2021-06-14,229,141,88,0,141,0,0,0.0
2021-06-15,170,72,98,0,72,0,0,0.0
2021-06-16,226,127,99,0,127,0,0,0.0
2021-06-17,256,152,104,0,152,0,0,0.0
2021-06-18,233,141,92,0,141,0,0,0.0
2021-06-20,13,12,1,0,12,0,0,0.0
2021-06-21,234,133,101,0,133,0,0,0.0
2021-06-22,189,88,101,0,88,0,0,0.0
2021-06-23,242,138,104,0,138,0,0,0.0
2021-06-24,236,141,95,0,141,0,0,0.0
2021-06-25,215,134,81,0,134,0,0,0.0
2021-06-27,12,12,0,0,12,0,0,0.0
2021-06-28,253,159,94,0,159,0,0,0.0
2021-06-29,252,151,101,0,151,0,0,0.0
2021-06-30,248,143,105,0,143,0,0,0.0
2021-07-01,244,150,94,0,150,0,0,0.0
2021-07-02,216,120,96,0,120,0,0,0.0
2021-07-04,32,12,20,0,12,0,0,0.0
2021-07-05,165,84,81,0,84,0,0,0.0
2021-07-06,248,143,105,0,143,0,0,0.0
2021-07-07,180,72,108,0,72,0,0,0.0
2021-07-08,246,132,114,0,132,0,0,0.0
2021-07-09,235,139,96,0,139,0,0,0.0
2021-07-11,24,12,12,0,12,0,0,0.0
2021-07-12,195,157,38,0,157,0,0,0.0
2021-07-13,256,143,113,0,143,0,0,0.0
2021-07-14,253,138,115,0,138,0,0,0.0
2021-07-15,224,112,112,0,112,0,0,0.0
2021-07-16,227,131,96,0,131,0,0,0.0
2021-07-18,26,12,14,0,12,0,0,0.0
2021-07-19,213,100,113,0,100,0,0,0.0
2021-07-20,260,153,107,0,153,0,0,0.0
2021-07-21,155,59,96,0,59,0,0,0.0
2021-07-22,173,70,103,0,70,0,0,0.0
2021-07-23,225,134,91,0,134,0,0,0.0
2021-07-25,13,9,4,0,9,0,0,0.0
2021-07-26,176,68,108,0,68,0,0,0.0
2021-07-27,231,117,114,0,117,0,0,0.0
2021-07-28,243,129,114,0,129,0,0,0.0
2021-07-29,224,112,112,0,112,0,0,0.0
2021-07-30,177,81,96,0,81,0,0,0.0
2021-08-01,16,12,4,0,12,0,0,0.0
2021-08-02,182,150,32,0,150,0,0,0.0
2021-08-03,257,146,111,0,146,0,0,0.0
2021-08-04,215,125,90,0,125,0,0,0.0
2021-08-05,247,144,103,0,144,0,0,0.0
2021-08-06,242,144,98,0,144,0,0,0.0
2021-08-08,19,11,8,0,11,0,0,0.0
2021-08-09,226,138,88,0,138,0,0,0.0
2021-08-10,218,147,71,0,147,0,0,0.0
2021-08-11,210,101,109,0,101,0,0,0.0
2021-08-12,247,138,109,0,138,0,0,0.0
2021-08-13,200,117,83,0,117,0,0,0.0
2021-08-15,21,12,9,0,12,0,0,0.0
2021-08-16,167,55,112,0,55,0,0,0.0
2021-08-17,219,118,101,0,118,0,0,0.0
2021-08-18,212,122,90,0,122,0,0,0.0
2021-08-19,156,53,103,0,53,0,0,0.0
2021-08-20,153,65,88,0,65,0,0,0.0
2021-08-22,31,12,19,0,12,0,0,0.0
2021-08-23,250,138,112,0,138,0,0,0.0
2021-08-24,271,158,113,0,158,0,0,0.0
2021-08-25,251,139,112,0,139,0,0,0.0
2021-08-26,244,133,111,0,133,0,0,0.0
2021-08-27,214,118,96,0,118,0,0,0.0
2021-08-29,18,12,6,0,12,0,0,0.0
2021-08-30,194,106,88,0,106,0,0,0.0
2021-08-31,249,147,102,0,147,0,0,0.0
2021-09-01,181,75,106,0,75,0,0,0.0
2021-09-02,241,135,106,0,135,0,0,0.0
2021-09-03,240,144,96,0,144,0,0,0.0
2021-09-05,16,12,4,0,12,0,0,0.0
2021-09-06,180,75,105,0,75,0,0,0.0
2021-09-07,218,107,111,0,107,0,0,0.0
2021-09-08,172,73,99,0,73,0,0,0.0
2021-09-09,213,102,111,0,102,0,0,0.0
2021-09-10,167,88,79,0,88,0,0,0.0
2021-09-12,11,7,4,0,7,0,0,0.0
2021-09-13,238,128,110,0,128,0,0,0.0
2021-09-14,250,145,105,0,145,0,0,0.0
2021-09-15,210,96,114,0,96,0,0,0.0
2021-09-16,192,84,108,0,84,0,0,0.0
2021-09-17,238,142,96,0,142,0,0,0.0
2021-09-19,14,12,2,0,12,0,0,0.0
2021-09-20,232,130,102,0,130,0,0,0.0
2021-09-21,226,111,115,0,111,0,0,0.0
2021-09-22,230,125,105,0,125,0,0,0.0
2021-09-23,247,151,96,0,151,0,0,0.0
2021-09-24,210,114,96,0,114,0,0,0.0
2021-09-26,12,12,0,0,12,0,0,0.0
2021-09-27,242,150,92,0,150,0,0,0.0
2021-09-28,216,104,112,0,104,0,0,0.0
2021-09-29,251,143,108,0,143,0,0,0.0
2021-09-30,270,159,111,0,159,0,0,0.0
2021-10-01,160,70,90,0,70,0,0,0.0
2021-10-03,13,12,1,0,12,0,0,0.0
2021-10-04,234,156,78,0,156,0,0,0.0
2021-10-05,268,156,112,0,156,0,0,0.0
2021-10-06,212,100,112,0,100,0,0,0.0
2021-10-07,238,125,113,0,125,0,0,0.0
2021-10-08,243,143,100,0,143,0,0,0.0
2021-10-10,22,12,10,0,12,0,0,0.0
2021-10-11,234,131,103,0,131,0,0,0.0
2021-10-12,155,57,98,0,57,0,0,0.0
2021-10-13,237,125,112,0,125,0,0,0.0
2021-10-14,252,138,114,0,138,0,0,0.0
2021-10-15,241,145,96,0,145,0,0,0.0
2021-10-17,15,12,3,0,12,0,0,0.0
2021-10-18,179,107,72,0,107,0,0,0.0
2021-10-19,231,115,116,0,115,0,0,0.0
2021-10-20,204,89,115,0,89,0,0,0.0
2021-10-21,233,121,112,0,121,0,0,0.0
2021-10-22,224,128,96,0,128,0,0,0.0
2021-10-24,31,12,19,0,12,0,0,0.0
2021-10-25,228,125,103,0,125,0,0,0.0
2021-10-26,210,108,102,0,108,0,0,0.0
2021-10-27,235,124,111,0,124,0,0,0.0
2021-10-28,233,127,106,0,127,0,0,0.0
2021-10-29,203,107,96,0,107,0,0,0.0
2021-10-31,27,12,15,0,12,0,0,0.0
2021-11-01,237,131,106,0,131,0,0,0.0
2021-11-02,242,134,108,0,134,0,0,0.0
2021-11-03,252,142,110,0,142,0,0,0.0
2021-11-04,268,153,115,0,153,0,0,0.0
2021-11-05,213,121,92,0,121,0,0,0.0
2021-11-07,19,0,19,0,0,0,0,0.0
2021-11-08,267,152,115,0,152,0,0,0.0
2021-11-09,246,135,111,0,135,0,0,0.0
2021-11-10,248,129,119,0,129,0,0,0.0
2021-11-11,233,131,102,0,131,0,0,0.0
2021-11-12,234,138,96,0,138,0,0,0.0
2021-11-14,20,0,20,0,0,0,0,0.0
2021-11-15,245,146,99,0,146,0,0,0.0
2021-11-16,256,142,114,0,142,0,0,0.0
2021-11-17,256,151,105,0,151,0,0,0.0
2021-11-18,135,71,64,0,71,0,0,0.0
2021-11-19,241,145,96,0,145,0,0,0.0
2021-11-21,19,0,19,0,0,0,0,0.0
2021-11-22,223,123,100,0,123,0,0,0.0
2021-11-23,184,83,101,0,83,0,0,0.0
2021-11-24,247,156,91,0,156,0,0,0.0
2021-11-25,160,112,48,0,112,0,0,0.0
2021-11-26,204,108,96,0,108,0,0,0.0
2021-11-28,12,0,12,0,0,0,0,0.0
2021-11-29,162,102,60,0,102,0,0,0.0
2021-11-30,268,157,111,0,157,0,0,0.0
2021-12-01,235,126,109,0,126,0,0,0.0
2021-12-02,247,135,112,0,135,0,0,0.0
2021-12-03,230,156,74,0,156,0,0,0.0
2021-12-05,14,0,14,0,0,0,0,0.0
2021-12-06,250,137,113,0,137,0,0,0.0
2021-12-07,180,75,105,0,75,0,0,0.0
2021-12-08,239,151,88,0,151,0,0,0.0
2021-12-09,242,135,107,0,135,0,0,0.0
2021-12-10,251,156,95,0,156,0,0,0.0
2021-12-12,17,0,17,0,0,0,0,0.0
2021-12-13,253,139,114,0,139,0,0,0.0
2021-12-14,253,149,104,0,149,0,0,0.0
2021-12-15,236,119,117,0,119,0,0,0.0
2021-12-16,256,143,113,0,143,0,0,0.0
2021-12-17,252,159,93,0,159,0,0,0.0
2021-12-19,12,0,12,0,0,0,0,0.0
2021-12-20,226,130,96,0,130,0,0,0.0
2021-12-21,252,146,106,0,146,0,0,0.0
2021-12-22,203,125,78,0,125,0,0,0.0
2021-12-23,239,123,116,0,123,0,0,0.0
2021-12-24,218,120,98,0,120,0,0,0.0
2021-12-26,3,0,3,0,0,0,0,0.0
2021-12-27,225,151,74,0,151,0,0,0.0
2021-12-28,245,144,101,0,144,0,0,0.0
2021-12-29,210,95,115,0,95,0,0,0.0
2021-12-30,200,85,115,0,85,0,0,0.0
2021-12-31,220,124,96,0,124,0,0,0.0
2022-01-02,18,0,18,0,0,0,0,0.0
2022-01-03,266,150,116,0,150,0,0,0.0
2022-01-04,269,154,115,0,154,0,0,0.0
2022-01-05,247,131,116,0,131,0,0,0.0
2022-01-06,209,93,116,0,93,0,0,0.0
2022-01-07,253,157,96,0,157,0,0,0.0
2022-01-09,6,0,6,0,0,0,0,0.0
2022-01-10,242,136,106,0,136,0,0,0.0
2022-01-11,264,152,112,0,152,0,0,0.0
2022-01-12,254,147,107,0,147,0,0,0.0
2022-01-13,239,142,97,0,142,0,0,0.0
2022-01-14,244,148,96,0,148,0,0,0.0
2022-01-16,19,0,19,0,0,0,0,0.0
2022-01-17,214,108,106,0,108,0,0,0.0
2022-01-18,243,145,98,0,145,0,0,0.0
2022-01-19,256,141,115,0,141,0,0,0.0
2022-01-20,259,151,108,0,151,0,0,0.0
2022-01-21,231,135,96,0,135,0,0,0.0
2022-01-23,17,0,17,0,0,0,0,0.0
2022-01-24,221,107,114,0,107,0,0,0.0
2022-01-25,263,156,107,0,156,0,0,0.0
2022-01-26,246,146,100,0,146,0,0,0.0
2022-01-27,219,115,104,0,115,0,0,0.0
2022-01-28,206,112,94,0,112,0,0,0.0
2022-01-30,18,0,18,0,0,0,0,0.0
2022-01-31,237,125,112,0,125,0,0,0.0
2022-02-01,235,120,115,0,120,0,0,0.0
2022-02-02,261,150,111,0,150,0,0,0.0
2022-02-03,214,126,88,0,126,0,0,0.0
2022-02-04,248,158,90,0,158,0,0,0.0
2022-02-06,7,0,7,0,0,0,0,0.0
2022-02-07,229,160,69,0,160,0,0,0.0
2022-02-08,258,146,112,0,146,0,0,0.0
2022-02-09,214,103,111,0,103,0,0,0.0
2022-02-10,269,154,115,0,154,0,0,0.0
2022-02-11,176,88,88,0,88,0,0,0.0
2022-02-13,18,0,18,0,0,0,0,0.0
2022-02-14,218,148,70,0,148,0,0,0.0
2022-02-15,216,110,106,0,110,0,0,0.0
2022-02-16,228,120,108,0,120,0,0,0.0
2022-02-17,213,110,103,0,110,0,0,0.0
2022-02-18,174,78,96,0,78,0,0,0.0
2022-02-20,17,0,17,0,0,0,0,0.0
2022-02-21,243,134,109,0,134,0,0,0.0
2022-02-22,248,140,108,0,140,0,0,0.0
2022-02-23,221,123,98,0,123,0,0,0.0
2022-02-24,218,105,113,0,105,0,0,0.0
2022-02-25,231,135,96,0,135,0,0,0.0
2022-02-27,0,0,0,0,0,0,0,0.0
2022-02-28,151,133,18,0,133,0,0,0.0
2022-03-01,230,122,108,0,122,0,0,0.0
2022-03-02,244,139,105,0,139,0,0,0.0
2022-03-03,231,121,110,0,121,0,0,0.0
2022-03-04,239,144,95,0,144,0,0,0.0
2022-03-06,2,0,2,0,0,0,0,0.0
2022-03-07,195,140,55,0,140,0,0,0.0
2022-03-08,237,131,106,0,131,0,0,0.0
2022-03-09,202,88,114,0,88,0,0,0.0
2022-03-10,261,152,109,0,152,0,0,0.0
2022-03-11,249,153,96,0,153,0,0,0.0
2022-03-13,32,12,20,0,12,0,0,0.0
2022-03-14,196,99,97,0,99,0,0,0.0
2022-03-15,207,105,102,0,105,0,0,0.0
2022-03-16,211,94,117,0,94,0,0,0.0
2022-03-17,208,143,65,0,143,0,0,0.0
2022-03-18,201,106,95,0,106,0,0,0.0
2022-03-20,24,12,12,0,12,0,0,0.0
2022-03-21,160,130,30,0,130,0,0,0.0
2022-03-22,249,139,110,0,139,0,0,0.0
2022-03-23,217,120,97,0,120,0,0,0.0
2022-03-24,209,115,94,0,115,0,0,0.0
2022-03-25,166,70,96,0,70,0,0,0.0
2022-03-27,17,0,17,0,0,0,0,0.0
2022-03-28,237,127,110,0,127,0,0,0.0
2022-03-29,177,64,113,0,64,0,0,0.0
2022-03-30,157,52,105,0,52,0,0,0.0
2022-03-31,170,66,104,0,66,0,0,0.0
2022-04-01,220,124,96,0,124,0,0,0.0
2022-04-03,14,12,2,0,12,0,0,0.0
2022-04-04,176,132,44,0,132,0,0,0.0
2022-04-05,223,115,108,0,115,0,0,0.0
2022-04-06,235,135,100,0,135,0,0,0.0
2022-04-07,145,38,107,0,38,0,0,0.0
2022-04-08,170,85,85,0,85,0,0,0.0
2022-04-10,27,12,15,0,12,0,0,0.0
2022-04-11,218,105,113,0,105,0,0,0.0
2022-04-12,224,122,102,0,122,0,0,0.0
2022-04-13,216,109,107,0,109,0,0,0.0
2022-04-14,253,143,110,0,143,0,0,0.0
2022-04-15,185,89,96,0,89,0,0,0.0
2022-04-17,13,10,3,0,10,0,0,0.0
2022-04-18,174,151,23,0,151,0,0,0.0
2022-04-19,222,120,102,0,120,0,0,0.0
2022-04-20,231,143,88,0,143,0,0,0.0
2022-04-21,199,115,84,0,115,0,0,0.0
2022-04-22,235,141,94,0,141,0,0,0.0
2022-04-24,5,3,2,0,3,0,0,0.0
2022-04-25,211,127,84,0,127,0,0,0.0
2022-04-26,220,117,103,0,117,0,0,0.0
2022-04-27,236,129,107,0,129,0,0,0.0
2022-04-28,215,113,102,0,113,0,0,0.0
2022-04-29,231,135,96,0,135,0,0,0.0
2022-05-01,14,12,2,0,12,0,0,0.0
2022-05-02,219,149,70,0,149,0,0,0.0
2022-05-03,230,133,97,0,133,0,0,0.0
2022-05-04,179,116,63,0,116,0,0,0.0
2022-05-05,200,136,64,0,136,0,0,0.0
2022-05-06,202,106,96,0,106,0,0,0.0
2022-05-08,6,6,0,0,6,0,0,0.0
2022-05-09,228,127,101,0,127,0,0,0.0
2022-05-10,212,140,72,0,140,0,0,0.0
2022-05-11,209,157,52,0,157,0,0,0.0
2022-05-12,182,85,97,0,85,0,0,0.0
2022-05-13,224,134,90,0,134,0,0,0.0
2022-05-15,23,11,12,0,11,0,0,0.0
2022-05-16,128,31,97,0,31,0,0,0.0
2022-05-17,260,151,109,0,151,0,0,0.0
2022-05-18,264,157,107,0,157,0,0,0.0
2022-05-19,250,151,99,0,151,0,0,0.0
2022-05-20,170,92,78,0,92,0,0,0.0
2022-05-22,2,2,0,0,2,0,0,0.0
2022-05-23,191,98,93,0,98,0,0,0.0
2022-05-24,227,124,103,0,124,0,0,0.0
2022-05-25,219,107,112,0,107,0,0,0.0
2022-05-26,209,98,111,0,98,0,0,0.0
2022-05-27,212,118,94,0,118,0,0,0.0
2022-05-29,27,8,19,0,8,0,0,0.0
2022-05-30,243,131,112,0,131,0,0,0.0
2022-05-31,191,75,116,0,75,0,0,0.0
2022-06-01,246,138,108,0,138,0,0,0.0
2022-06-02,254,148,106,0,148,0,0,0.0
2022-06-03,205,130,75,0,130,0,0,0.0
2022-06-05,22,12,10,0,12,0,0,0.0
2022-06-06,244,133,111,0,133,0,0,0.0
2022-06-07,227,118,109,0,118,0,0,0.0
2022-06-08,239,124,115,0,124,0,0,0.0
2022-06-09,240,143,97,0,143,0,0,0.0
2022-06-10,214,118,96,0,118,0,0,0.0
2022-06-12,21,12,9,0,12,0,0,0.0
2022-06-13,212,110,102,0,110,0,0,0.0
2022-06-14,241,129,112,0,129,0,0,0.0
2022-06-15,259,137,122,0,137,0,0,0.0
2022-06-16,247,141,106,0,141,0,0,0.0
2022-06-17,238,142,96,0,142,0,0,0.0
2022-06-19,20,12,8,0,12,0,0,0.0
2022-06-20,147,56,91,0,56,0,0,0.0
2022-06-21,210,120,90,0,120,0,0,0.0
2022-06-22,221,108,113,0,108,0,0,0.0
2022-06-23,189,75,114,0,75,0,0,0.0
2022-06-24,220,124,96,0,124,0,0,0.0
2022-06-26,12,1,11,0,1,0,0,0.0
2022-06-27,211,106,105,0,106,0,0,0.0
2022-06-28,178,69,109,0,69,0,0,0.0
2022-06-29,174,72,102,0,72,0,0,0.0
2022-06-30,204,128,76,0,128,0,0,0.0
2022-07-01,173,77,96,0,77,0,0,0.0
2022-07-03,13,0,13,0,0,0,0,0.0
2022-07-04,230,130,100,0,130,0,0,0.0
2022-07-05,191,77,114,0,77,0,0,0.0
2022-07-06,240,128,112,0,128,0,0,0.0
2022-07-07,240,134,106,0,134,0,0,0.0
2022-07-08,224,135,89,0,135,0,0,0.0
2022-07-10,32,12,20,0,12,0,0,0.0
2022-07-11,264,154,110,0,154,0,0,0.0
2022-07-12,230,121,109,0,121,0,0,0.0
2022-07-13,233,120,113,0,120,0,0,0.0
2022-07-14,243,141,102,0,141,0,0,0.0
2022-07-15,189,115,74,0,115,0,0,0.0
2022-07-17,25,10,15,0,10,0,0,0.0
2022-07-18,271,156,115,0,156,0,0,0.0
2022-07-19,233,129,104,0,129,0,0,0.0
2022-07-20,249,136,113,0,136,0,0,0.0
2022-07-21,260,151,109,0,151,0,0,0.0
2022-07-22,226,141,85,0,141,0,0,0.0
2022-07-24,26,12,14,0,12,0,0,0.0
2022-07-25,223,130,93,0,130,0,0,0.0
2022-07-26,242,137,105,0,137,0,0,0.0
2022-07-27,239,136,103,0,136,0,0,0.0
2022-07-28,182,79,103,0,79,0,0,0.0
2022-07-29,208,136,72,0,136,0,0,0.0
2022-07-31,26,12,14,0,12,0,0,0.0
2022-08-01,235,122,113,0,122,0,0,0.0
2022-08-02,232,127,105,0,127,0,0,0.0
2022-08-03,218,143,75,0,143,0,0,0.0
2022-08-04,257,146,111,0,146,0,0,0.0
2022-08-05,220,127,93,0,127,0,0,0.0
2022-08-07,16,6,10,0,6,0,0,0.0
2022-08-08,188,129,59,0,129,0,0,0.0
2022-08-09,176,71,105,0,71,0,0,0.0
2022-08-10,227,123,104,0,123,0,0,0.0
2022-08-11,244,150,94,0,150,0,0,0.0
2022-08-12,209,113,96,0,113,0,0,0.0
2022-08-14,24,11,13,0,11,0,0,0.0
2022-08-15,250,143,107,0,143,0,0,0.0
2022-08-16,254,148,106,0,148,0,0,0.0
2022-08-17,202,99,103,0,99,0,0,0.0
2022-08-18,231,130,101,0,130,0,0,0.0
2022-08-19,183,87,96,0,87,0,0,0.0
2022-08-21,10,0,10,0,0,0,0,0.0
2022-08-22,255,145,110,0,145,0,0,0.0
2022-08-23,261,145,116,0,145,0,0,0.0
2022-08-24,178,64,114,0,64,0,0,0.0
2022-08-25,211,97,114,0,97,0,0,0.0
2022-08-26,232,136,96,0,136,0,0,0.0
2022-08-28,25,12,13,0,12,0,0,0.0
2022-08-29,257,157,100,0,157,0,0,0.0
2022-08-30,219,111,108,0,111,0,0,0.0
2022-08-31,228,121,107,0,121,0,0,0.0
2022-09-01,222,113,109,0,113,0,0,0.0
2022-09-02,145,49,96,0,49,0,0,0.0
2022-09-04,17,0,17,0,0,0,0,0.0
2022-09-05,180,97,83,0,97,0,0,0.0
2022-09-06,253,144,109,0,144,0,0,0.0
2022-09-07,260,144,116,0,144,0,0,0.0
2022-09-08,159,64,95,0,64,0,0,0.0
2022-09-09,225,130,95,0,130,0,0,0.0
2022-09-11,18,4,14,0,4,0,0,0.0
2022-09-12,204,112,92,0,112,0,0,0.0
2022-09-13,158,63,95,0,63,0,0,0.0
2022-09-14,173,73,100,0,73,0,0,0.0
2022-09-15,173,80,93,0,80,0,0,0.0
2022-09-16,215,141,74,0,141,0,0,0.0
2022-09-18,28,11,17,0,11,0,0,0.0
2022-09-19,225,120,105,0,120,0,0,0.0
2022-09-20,144,36,108,0,36,0,0,0.0
2022-09-21,251,118,133,0,118,0,0,0.0
2022-09-22,233,136,97,0,136,0,0,0.0
2022-09-23,234,142,92,0,142,0,0,0.0
2022-09-25,20,12,8,0,12,0,0,0.0
2022-09-26,258,149,109,0,149,0,0,0.0
2022-09-27,234,129,105,0,129,0,0,0.0
2022-09-28,261,152,109,0,152,0,0,0.0
2022-09-29,184,86,98,0,86,0,0,0.0
2022-09-30,211,125,86,0,125,0,0,0.0
2022-10-02,25,9,16,0,9,0,0,0.0
2022-10-03,260,146,114,0,146,0,0,0.0
2022-10-04,251,143,108,0,143,0,0,0.0
2022-10-05,171,93,78,0,93,0,0,0.0
2022-10-06,216,151,65,0,151,0,0,0.0
2022-10-07,177,114,63,0,114,0,0,0.0
2022-10-09,15,6,9,0,6,0,0,0.0
2022-10-10,233,141,92,0,141,0,0,0.0
2022-10-11,220,122,98,0,122,0,0,0.0
2022-10-12,241,127,114,0,127,0,0,0.0
2022-10-13,103,47,56,0,47,0,0,0.0
2022-10-14,232,142,90,0,142,0,0,0.0
2022-10-16,19,12,7,0,12,0,0,0.0
2022-10-17,192,127,65,0,127,0,0,0.0
2022-10-18,246,139,107,0,139,0,0,0.0
2022-10-19,209,143,66,0,143,0,0,0.0
2022-10-20,233,125,108,0,125,0,0,0.0
2022-10-21,228,132,96,0,132,0,0,0.0
2022-10-23,25,11,14,0,11,0,0,0.0
2022-10-24,192,150,42,0,150,0,0,0.0
2022-10-25,189,135,54,0,135,0,0,0.0
2022-10-26,163,121,42,0,121,0,0,0.0
2022-10-27,174,84,90,0,84,0,0,0.0
2022-10-28,149,72,77,0,72,0,0,0.0
2022-10-30,9,6,3,0,6,0,0,0.0
2022-10-31,228,114,114,0,114,0,0,0.0
2022-11-01,256,147,109,0,147,0,0,0.0
2022-11-02,229,101,128,0,101,0,0,0.0
2022-11-03,212,110,102,0,110,0,0,0.0
2022-11-04,115,59,56,0,59,0,0,0.0
2022-11-06,0,0,0,0,0,0,0,0.0
2022-11-07,149,82,67,0,82,0,0,0.0
2022-11-08,253,142,111,0,142,0,0,0.0
2022-11-09,193,88,105,0,88,0,0,0.0
2022-11-10,268,123,145,0,123,0,0,0.0
2022-11-11,230,134,96,0,134,0,0,0.0
2022-11-13,0,0,0,0,0,0,0,0.0
2022-11-14,172,138,34,0,138,0,0,0.0
2022-11-15,223,114,109,0,114,0,0,0.0
2022-11-16,187,73,114,0,73,0,0,0.0
2022-11-17,224,116,108,0,116,0,0,0.0
2022-11-18,189,93,96,0,93,0,0,0.0
2022-11-20,16,0,16,0,0,0,0,0.0
2022-11-21,234,139,95,0,139,0,0,0.0
2022-11-22,255,140,115,0,140,0,0,0.0
2022-11-23,252,144,108,0,144,0,0,0.0
2022-11-24,260,150,110,0,150,0,0,0.0
2022-11-25,237,146,91,0,146,0,0,0.0
2022-11-27,10,0,10,0,0,0,0,0.0
2022-11-28,226,123,103,0,123,0,0,0.0
2022-11-29,232,123,109,0,123,0,0,0.0
2022-11-30,247,141,106,0,141,0,0,0.0
2022-12-01,249,134,115,0,134,0,0,0.0
2022-12-02,254,151,103,0,151,0,0,0.0
2022-12-04,2,0,2,0,0,0,0,0.0
2022-12-05,220,157,63,0,157,0,0,0.0
2022-12-06,251,145,106,0,145,0,0,0.0
2022-12-07,216,111,105,0,111,0,0,0.0
2022-12-08,191,85,106,0,85,0,0,0.0
2022-12-09,245,149,96,0,149,0,0,0.0
2022-12-11,17,0,17,0,0,0,0,0.0
2022-12-12,204,106,98,0,106,0,0,0.0
2022-12-13,235,142,93,0,142,0,0,0.0
2022-12-14,235,123,112,0,123,0,0,0.0
2022-12-15,270,156,114,0,156,0,0,0.0
2022-12-16,222,126,96,0,126,0,0,0.0
2022-12-18,13,0,13,0,0,0,0,0.0
2022-12-19,175,143,32,0,143,0,0,0.0
2022-12-20,238,128,110,0,128,0,0,0.0
2022-12-21,241,120,121,0,120,0,0,0.0
2022-12-22,241,128,113,0,128,0,0,0.0
2022-12-23,204,108,96,0,108,0,0,0.0
2022-12-25,11,0,11,0,0,0,0,0.0
2022-12-26,266,152,114,0,152,0,0,0.0
2022-12-27,240,147,93,0,147,0,0,0.0
2022-12-28,251,135,116,0,135,0,0,0.0
2022-12-29,229,120,109,0,120,0,0,0.0
2022-12-30,197,101,96,0,101,0,0,0.0
2023-01-01,8,0,8,0,0,0,0,0.0
2023-01-02,158,119,39,0,119,0,0,0.0
2023-01-03,187,73,114,0,73,0,0,0.0
2023-01-04,266,155,111,0,155,0,0,0.0
2023-01-05,157,52,105,0,52,0,0,0.0
2023-01-06,227,131,96,0,131,0,0,0.0
2023-01-08,19,0,19,0,0,0,0,0.0
2023-01-09,248,147,101,0,147,0,0,0.0
2023-01-10,185,111,74,0,111,0,0,0.0
2023-01-11,216,113,103,0,113,0,0,0.0
2023-01-12,258,146,112,0,146,0,0,0.0
2023-01-13,209,127,82,0,127,0,0,0.0
2023-01-15,19,0,19,0,0,0,0,0.0
2023-01-16,175,60,115,0,60,0,0,0.0
2023-01-17,249,133,116,0,133,0,0,0.0
2023-01-18,243,141,102,0,141,0,0,0.0
2023-01-19,183,83,100,0,83,0,0,0.0
2023-01-20,252,156,96,0,156,0,0,0.0
2023-01-22,17,0,17,0,0,0,0,0.0
2023-01-23,256,148,108,0,148,0,0,0.0
2023-01-24,265,156,109,0,156,0,0,0.0
2023-01-25,257,146,111,0,146,0,0,0.0
2023-01-26,253,140,113,0,140,0,0,0.0
2023-01-27,148,52,96,0,52,0,0,0.0
2023-01-29,7,0,7,0,0,0,0,0.0
2023-01-30,252,139,113,0,139,0,0,0.0
2023-01-31,260,146,114,0,146,0,0,0.0
2023-02-01,259,149,110,0,149,0,0,0.0
2023-02-02,232,122,110,0,122,0,0,0.0
2023-02-03,236,141,95,0,141,0,0,0.0
2023-02-05,5,0,5,0,0,0,0,0.0
2023-02-06,177,148,29,0,148,0,0,0.0
2023-02-07,247,149,98,0,149,0,0,0.0
2023-02-08,201,109,92,0,109,0,0,0.0
2023-02-09,234,135,99,0,135,0,0,0.0
2023-02-10,244,150,94,0,150,0,0,0.0
2023-02-12,19,0,19,0,0,0,0,0.0
2023-02-13,214,110,104,0,110,0,0,0.0
2023-02-14,243,122,121,0,122,0,0,0.0
2023-02-15,240,127,113,0,127,0,0,0.0
2023-02-16,225,120,105,0,120,0,0,0.0
2023-02-17,229,133,96,0,133,0,0,0.0
2023-02-19,16,0,16,0,0,0,0,0.0
2023-02-20,214,114,100,0,114,0,0,0.0
2023-02-21,194,88,106,0,88,0,0,0.0
2023-02-22,252,150,102,0,150,0,0,0.0
2023-02-23,237,135,102,0,135,0,0,0.0
2023-02-24,237,153,84,0,153,0,0,0.0
2023-02-26,19,0,19,0,0,0,0,0.0
2023-02-27,259,154,105,0,154,0,0,0.0
2023-02-28,229,131,98,0,131,0,0,0.0
2023-03-01,269,156,113,0,156,0,0,0.0
2023-03-02,190,92,98,0,92,0,0,0.0
2023-03-03,195,138,57,0,138,0,0,0.0
2023-03-05,17,0,17,0,0,0,0,0.0
2023-03-06,211,100,111,0,100,0,0,0.0
2023-03-07,250,142,108,0,142,0,0,0.0
2023-03-08,196,89,107,0,89,0,0,0.0
2023-03-09,243,132,111,0,132,0,0,0.0
2023-03-10,254,156,98,0,156,0,0,0.0
2023-03-12,17,12,5,0,12,0,0,0.0
2023-03-13,176,149,27,0,149,0,0,0.0
2023-03-14,186,77,109,0,77,0,0,0.0
2023-03-15,250,146,104,0,146,0,0,0.0
2023-03-16,213,101,112,0,101,0,0,0.0
2023-03-17,193,97,96,0,97,0,0,0.0
2023-03-19,30,12,18,0,12,0,0,0.0
2023-03-20,162,80,82,0,80,0,0,0.0
2023-03-21,236,140,96,0,140,0,0,0.0
2023-03-22,232,123,109,0,123,0,0,0.0
2023-03-23,253,144,109,0,144,0,0,0.0
2023-03-24,218,123,95,0,123,0,0,0.0
2023-03-26,15,12,3,0,12,0,0,0.0
2023-03-27,203,143,60,0,143,0,0,0.0
2023-03-28,247,134,113,0,134,0,0,0.0
2023-03-29,260,146,114,0,146,0,0,0.0
2023-03-30,257,144,113,0,144,0,0,0.0
2023-03-31,207,111,96,0,111,0,0,0.0
2023-04-02,14,12,2,0,12,0,0,0.0
2023-04-03,248,148,100,0,148,0,0,0.0
2023-04-04,265,160,105,0,160,0,0,0.0
2023-04-05,217,120,97,0,120,0,0,0.0
2023-04-06,185,88,97,0,88,0,0,0.0
2023-04-07,134,63,71,0,63,0,0,0.0
2023-04-09,6,0,6,0,0,0,0,0.0
2023-04-10,242,142,100,0,142,0,0,0.0
2023-04-11,257,142,115,0,142,0,0,0.0
2023-04-12,246,138,108,0,138,0,0,0.0
2023-04-13,171,118,53,0,118,0,0,0.0
2023-04-14,238,143,95,0,143,0,0,0.0
2023-04-16,28,10,18,0,10,0,0,0.0
2023-04-17,209,125,84,0,125,0,0,0.0
2023-04-18,230,146,84,0,146,0,0,0.0
2023-04-19,231,136,95,0,136,0,0,0.0
2023-04-20,176,95,81,0,95,0,0,0.0
2023-04-21,238,142,96,0,142,0,0,0.0
2023-04-23,29,12,17,0,12,0,0,0.0
2023-04-24,240,149,91,0,149,0,0,0.0
2023-04-25,199,111,88,0,111,0,0,0.0
2023-04-26,220,107,113,0,107,0,0,0.0
2023-04-27,148,57,91,0,57,0,0,0.0
2023-04-28,220,132,88,0,132,0,0,0.0
2023-04-30,23,12,11,0,12,0,0,0.0
2023-05-01,246,139,107,0,139,0,0,0.0
2023-05-02,248,143,105,0,143,0,0,0.0
2023-05-03,219,122,97,0,122,0,0,0.0
2023-05-04,182,142,40,0,142,0,0,0.0
2023-05-05,162,66,96,0,66,0,0,0.0
2023-05-07,18,0,18,0,0,0,0,0.0
2023-05-08,223,133,90,0,133,0,0,0.0
2023-05-09,191,96,95,0,96,0,0,0.0
2023-05-10,175,73,102,0,73,0,0,0.0
2023-05-11,253,148,105,0,148,0,0,0.0
2023-05-12,191,120,71,0,120,0,0,0.0
2023-05-14,18,12,6,0,12,0,0,0.0
2023-05-15,205,101,104,0,101,0,0,0.0
2023-05-16,254,141,113,0,141,0,0,0.0
2023-05-17,225,128,97,0,128,0,0,0.0
2023-05-18,201,117,84,0,117,0,0,0.0
2023-05-19,226,125,101,0,125,0,0,0.0
2023-05-21,32,12,20,0,12,0,0,0.0
2023-05-22,204,132,72,0,132,0,0,0.0
2023-05-23,145,42,103,0,42,0,0,0.0
2023-05-24,249,139,110,0,139,0,0,0.0
2023-05-25,236,134,102,0,134,0,0,0.0
2023-05-26,224,134,90,0,134,0,0,0.0
2023-05-28,14,12,2,0,12,0,0,0.0
2023-05-29,262,156,106,0,156,0,0,0.0
2023-05-30,169,74,95,0,74,0,0,0.0
2023-05-31,224,136,88,0,136,0,0,0.0
2023-06-01,236,145,91,0,145,0,0,0.0
2023-06-02,231,147,84,0,147,0,0,0.0
2023-06-04,24,12,12,0,12,0,0,0.0
2023-06-05,201,110,91,0,110,0,0,0.0
2023-06-06,159,85,74,0,85,0,0,0.0
2023-06-07,269,155,114,0,155,0,0,0.0
2023-06-08,249,140,109,0,140,0,0,0.0
2023-06-09,220,124,96,0,124,0,0,0.0
2023-06-11,15,6,9,0,6,0,0,0.0
2023-06-12,246,160,86,0,160,0,0,0.0
2023-06-13,229,122,107,0,122,0,0,0.0
2023-06-14,240,128,112,0,128,0,0,0.0
2023-06-15,246,133,113,0,133,0,0,0.0
2023-06-16,235,140,95,0,140,0,0,0.0
2023-06-18,21,12,9,0,12,0,0,0.0
2023-06-19,210,145,65,0,145,0,0,0.0
2023-06-20,262,156,106,0,156,0,0,0.0
2023-06-21,247,132,115,0,132,0,0,0.0
2023-06-22,231,147,84,0,147,0,0,0.0
2023-06-23,234,144,90,0,144,0,0,0.0
2023-06-25,24,11,13,0,11,0,0,0.0
2023-06-26,238,130,108,0,130,0,0,0.0
2023-06-27,235,137,98,0,137,0,0,0.0
2023-06-28,186,90,96,0,90,0,0,0.0
2023-06-29,130,48,82,0,48,0,0,0.0
2023-06-30,224,141,83,0,141,0,0,0.0
2023-07-02,24,12,12,0,12,0,0,0.0
2023-07-03,227,127,100,0,127,0,0,0.0
2023-07-04,243,154,89,0,154,0,0,0.0
2023-07-05,239,129,110,0,129,0,0,0.0
2023-07-06,201,88,113,0,88,0,0,0.0
2023-07-07,230,136,94,0,136,0,0,0.0
2023-07-09,10,10,0,0,10,0,0,0.0
2023-07-10,242,143,99,0,143,0,0,0.0
2023-07-11,217,106,111,0,106,0,0,0.0
2023-07-12,241,127,114,0,127,0,0,0.0
2023-07-13,255,150,105,0,150,0,0,0.0
2023-07-14,208,113,95,0,113,0,0,0.0
2023-07-16,14,11,3,0,11,0,0,0.0
2023-07-17,244,139,105,0,139,0,0,0.0
2023-07-18,244,136,108,0,136,0,0,0.0
2023-07-19,222,114,108,0,114,0,0,0.0
2023-07-20,259,150,109,0,150,0,0,0.0
2023-07-21,192,99,93,0,99,0,0,0.0
2023-07-23,23,12,11,0,12,0,0,0.0
2023-07-24,268,153,115,0,153,0,0,0.0
2023-07-25,203,115,88,0,115,0,0,0.0
2023-07-26,253,146,107,0,146,0,0,0.0
2023-07-27,241,142,99,0,142,0,0,0.0
2023-07-28,171,122,49,0,122,0,0,0.0
2023-07-30,29,12,17,0,12,0,0,0.0
2023-07-31,203,100,103,0,100,0,0,0.0
2023-08-01,229,128,101,0,128,0,0,0.0
2023-08-02,236,144,92,0,144,0,0,0.0
2023-08-03,200,96,104,0,96,0,0,0.0
2023-08-04,214,123,91,0,123,0,0,0.0
2023-08-06,26,12,14,0,12,0,0,0.0
2023-08-07,234,129,105,0,129,0,0,0.0
2023-08-08,223,110,113,0,110,0,0,0.0
2023-08-09,256,150,106,0,150,0,0,0.0
2023-08-10,242,132,110,0,132,0,0,0.0
2023-08-11,160,102,58,0,102,0,0,0.0
2023-08-13,24,11,13,0,11,0,0,0.0
2023-08-14,214,143,71,0,143,0,0,0.0
2023-08-15,184,76,108,0,76,0,0,0.0
2023-08-16,227,124,103,0,124,0,0,0.0
2023-08-17,250,135,115,0,135,0,0,0.0
2023-08-18,236,140,96,0,140,0,0,0.0
2023-08-20,21,12,9,0,12,0,0,0.0
2023-08-21,180,120,60,0,120,0,0,0.0
2023-08-22,250,143,107,0,143,0,0,0.0
2023-08-23,258,149,109,0,149,0,0,0.0
2023-08-24,198,90,108,0,90,0,0,0.0
2023-08-25,223,128,95,0,128,0,0,0.0
2023-08-27,30,12,18,0,12,0,0,0.0
2023-08-28,175,73,102,0,73,0,0,0.0
2023-08-29,244,156,88,0,156,0,0,0.0
2023-08-30,242,126,116,0,126,0,0,0.0
2023-08-31,227,128,99,0,128,0,0,0.0
2023-09-01,187,114,73,0,114,0,0,0.0
2023-09-03,26,12,14,0,12,0,0,0.0
2023-09-04,185,102,83,0,102,0,0,0.0
2023-09-05,266,154,112,0,154,0,0,0.0
2023-09-06,251,138,113,0,138,0,0,0.0
2023-09-07,177,66,111,0,66,0,0,0.0
2023-09-08,222,127,95,0,127,0,0,0.0
2023-09-10,13,12,1,0,12,0,0,0.0
2023-09-11,171,94,77,0,94,0,0,0.0
2023-09-12,194,83,111,0,83,0,0,0.0
2023-09-13,176,71,105,0,71,0,0,0.0
2023-09-14,199,99,100,0,99,0,0,0.0
2023-09-15,127,54,73,0,54,0,0,0.0
2023-09-17,32,12,20,0,12,0,0,0.0
2023-09-18,242,138,104,0,138,0,0,0.0
2023-09-19,243,135,108,0,135,0,0,0.0
2023-09-20,262,155,107,0,155,0,0,0.0
2023-09-21,245,141,104,0,141,0,0,0.0
2023-09-22,221,122,99,0,122,0,0,0.0
2023-09-24,26,12,14,0,12,0,0,0.0
2023-09-25,207,145,62,0,145,0,0,0.0
2023-09-26,196,95,101,0,95,0,0,0.0
2023-09-27,218,155,63,0,155,0,0,0.0
2023-09-28,198,96,102,0,96,0,0,0.0
2023-09-29,234,138,96,0,138,0,0,0.0
2023-10-01,29,12,17,0,12,0,0,0.0
2023-10-02,242,135,107,0,135,0,0,0.0
2023-10-03,257,134,123,0,134,0,0,0.0
2023-10-04,245,131,114,0,131,0,0,0.0
2023-10-05,264,151,113,0,151,0,0,0.0
2023-10-06,168,72,96,0,72,0,0,0.0
2023-10-08,18,12,6,0,12,0,0,0.0
2023-10-09,156,142,14,0,142,0,0,0.0
2023-10-10,245,142,103,0,142,0,0,0.0
2023-10-11,219,119,100,0,119,0,0,0.0
2023-10-12,225,133,92,0,133,0,0,0.0
2023-10-13,176,86,90,0,86,0,0,0.0
2023-10-15,25,11,14,0,11,0,0,0.0
2023-10-16,192,143,49,0,143,0,0,0.0
2023-10-17,138,78,60,0,78,0,0,0.0
2023-10-18,260,152,108,0,152,0,0,0.0
2023-10-19,193,103,90,0,103,0,0,0.0
2023-10-20,185,89,96,0,89,0,0,0.0
2023-10-22,14,12,2,0,12,0,0,0.0
2023-10-23,232,148,84,0,148,0,0,0.0
2023-10-24,223,133,90,0,133,0,0,0.0
2023-10-25,216,147,69,0,147,0,0,0.0
2023-10-26,230,133,97,0,133,0,0,0.0
2023-10-27,237,145,92,0,145,0,0,0.0
2023-10-29,29,12,17,0,12,0,0,0.0
2023-10-30,226,151,75,0,151,0,0,0.0
2023-10-31,262,147,115,0,147,0,0,0.0
2023-11-01,265,149,116,0,149,0,0,0.0
2023-11-02,254,149,105,0,149,0,0,0.0
2023-11-03,159,69,90,0,69,0,0,0.0
2023-11-05,15,0,15,0,0,0,0,0.0
2023-11-06,186,80,106,0,80,0,0,0.0
2023-11-07,202,112,90,0,112,0,0,0.0
2023-11-08,250,149,101,0,149,0,0,0.0
2023-11-09,207,147,60,0,147,0,0,0.0
2023-11-10,243,153,90,0,153,0,0,0.0
2023-11-12,20,0,20,0,0,0,0,0.0
2023-11-13,218,115,103,0,115,0,0,0.0
2023-11-14,213,121,92,0,121,0,0,0.0
2023-11-15,258,158,100,0,158,0,0,0.0
2023-11-16,213,159,54,0,159,0,0,0.0
2023-11-17,187,158,29,0,158,0,0,0.0
2023-11-19,17,0,17,0,0,0,0,0.0
2023-11-20,189,87,102,0,87,0,0,0.0
2023-11-21,254,144,110,0,144,0,0,0.0
2023-11-22,241,144,97,0,144,0,0,0.0
2023-11-23,211,102,109,0,102,0,0,0.0
2023-11-24,178,104,74,0,104,0,0,0.0
2023-11-26,12,0,12,0,0,0,0,0.0
2023-11-27,209,103,106,0,103,0,0,0.0
2023-11-28,232,124,108,0,124,0,0,0.0
2023-11-29,258,142,116,0,142,0,0,0.0
2023-11-30,260,155,105,0,155,0,0,0.0
2023-12-01,228,132,96,0,132,0,0,0.0
2023-12-03,13,0,13,0,0,0,0,0.0
2023-12-04,250,151,99,0,151,0,0,0.0
2023-12-05,237,154,83,0,154,0,0,0.0
2023-12-06,192,99,93,0,99,0,0,0.0
2023-12-07,274,146,128,0,146,0,0,0.0
2023-12-08,245,139,106,0,139,0,0,0.0
2023-12-10,6,0,6,0,0,0,0,0.0
2023-12-11,190,79,111,0,79,0,0,0.0
2023-12-12,261,147,114,0,147,0,0,0.0
2023-12-13,252,126,126,0,126,0,0,0.0
2023-12-14,193,79,114,0,79,0,0,0.0
2023-12-15,241,147,94,0,147,0,0,0.0
2023-12-17,18,0,18,0,0,0,0,0.0
2023-12-18,253,144,109,0,144,0,0,0.0
2023-12-19,268,153,115,0,153,0,0,0.0
2023-12-20,248,142,106,0,142,0,0,0.0
2023-12-21,248,154,94,0,154,0,0,0.0
2023-12-22,245,155,90,0,155,0,0,0.0
2023-12-24,0,0,0,0,0,0,0,0.0
2023-12-25,91,0,91,0,0,0,0,0.0
2023-12-26,210,138,72,0,138,0,0,0.0
2023-12-27,211,95,116,0,95,0,0,0.0
2023-12-28,238,132,106,0,132,0,0,0.0
2023-12-29,234,152,82,0,152,0,0,0.0
2024-01-01,15,0,15,0,0,0,0,0.0
2024-01-02,245,135,110,0,135,0,0,0.0
2024-01-03,244,158,86,0,158,0,0,0.0
2024-01-04,266,156,110,0,156,0,0,0.0
2024-01-05,249,153,96,0,153,0,0,0.0
2024-01-07,13,0,13,0,0,0,0,0.0
2024-01-08,196,132,64,0,132,0,0,0.0
2024-01-09,251,136,115,0,136,0,0,0.0
2024-01-10,235,133,102,0,133,0,0,0.0
2024-01-11,239,92,147,0,92,0,0,0.0
2024-01-12,232,136,96,0,136,0,0,0.0
2024-01-14,16,0,16,0,0,0,0,0.0
2024-01-15,264,152,112,0,152,0,0,0.0
2024-01-16,269,154,115,0,154,0,0,0.0
2024-01-17,241,145,96,0,145,0,0,0.0
2024-01-18,233,138,95,0,138,0,0,0.0
2024-01-19,222,127,95,0,127,0,0,0.0
2024-01-21,1,0,1,0,0,0,0,0.0
2024-01-22,206,137,69,0,137,0,0,0.0
2024-01-23,236,146,90,0,146,0,0,0.0
2024-01-24,246,139,107,0,139,0,0,0.0
2024-01-25,233,125,108,0,125,0,0,0.0
2024-01-26,214,144,70,0,144,0,0,0.0
2024-01-28,15,0,15,0,0,0,0,0.0
2024-01-29,224,114,110,0,114,0,0,0.0
2024-01-30,207,103,104,0,103,0,0,0.0
2024-01-31,264,158,106,0,158,0,0,0.0
2024-02-01,236,137,99,0,137,0,0,0.0
2024-02-02,184,151,33,0,151,0,0,0.0
2024-02-04,13,0,13,0,0,0,0,0.0
2024-02-05,174,112,62,0,112,0,0,0.0
2024-02-06,252,141,111,0,141,0,0,0.0
2024-02-07,193,93,100,0,93,0,0,0.0
2024-02-08,239,131,108,0,131,0,0,0.0
2024-02-09,215,124,91,0,124,0,0,0.0
2024-02-11,12,0,12,0,0,0,0,0.0
2024-02-12,214,129,85,0,129,0,0,0.0
2024-02-13,246,126,120,0,126,0,0,0.0
2024-02-14,224,112,112,0,112,0,0,0.0
2024-02-15,222,113,109,0,113,0,0,0.0
2024-02-16,224,128,96,0,128,0,0,0.0
2024-02-18,3,0,3,0,0,0,0,0.0
2024-02-19,210,102,108,0,102,0,0,0.0
2024-02-20,265,153,112,0,153,0,0,0.0
2024-02-21,254,154,100,0,154,0,0,0.0
2024-02-22,251,156,95,0,156,0,0,0.0
2024-02-23,182,109,73,0,109,0,0,0.0
2024-02-25,11,0,11,0,0,0,0,0.0
2024-02-26,179,155,24,0,155,0,0,0.0
2024-02-27,246,143,103,0,143,0,0,0.0
2024-02-28,189,83,106,0,83,0,0,0.0
2024-02-29,264,156,108,0,156,0,0,0.0
2024-03-01,235,139,96,0,139,0,0,0.0
2024-03-03,15,0,15,0,0,0,0,0.0
2024-03-04,158,56,102,0,56,0,0,0.0
2024-03-05,182,103,79,0,103,0,0,0.0
2024-03-06,262,153,109,0,153,0,0,0.0
2024-03-07,252,138,114,0,138,0,0,0.0
2024-03-08,210,122,88,0,122,0,0,0.0
2024-03-10,25,12,13,0,12,0,0,0.0
2024-03-11,214,142,72,0,142,0,0,0.0
2024-03-12,144,43,101,0,43,0,0,0.0
2024-03-13,251,153,98,0,153,0,0,0.0
2024-03-14,245,133,112,0,133,0,0,0.0
2024-03-15,203,110,93,0,110,0,0,0.0
2024-03-17,13,12,1,0,12,0,0,0.0
2024-03-18,210,112,98,0,112,0,0,0.0
2024-03-19,251,142,109,0,142,0,0,0.0
2024-03-20,264,136,128,0,136,0,0,0.0
2024-03-21,249,136,113,0,136,0,0,0.0
2024-03-22,227,131,96,0,131,0,0,0.0
2024-03-24,26,11,15,0,11,0,0,0.0
2024-03-25,240,136,104,0,136,0,0,0.0
2024-03-26,221,123,98,0,123,0,0,0.0
2024-03-27,229,127,102,0,127,0,0,0.0
2024-03-28,154,102,52,0,102,0,0,0.0
2024-03-29,182,98,84,0,98,0,0,0.0
2024-03-31,22,5,17,0,5,0,0,0.0
2024-04-01,246,146,100,0,146,0,0,0.0
2024-04-02,224,125,99,0,125,0,0,0.0
2024-04-03,234,153,81,0,153,0,0,0.0
2024-04-04,200,103,97,0,103,0,0,0.0
2024-04-05,169,95,74,0,95,0,0,0.0
2024-04-07,12,12,0,0,12,0,0,0.0
2024-04-08,206,106,100,0,106,0,0,0.0
2024-04-09,235,138,97,0,138,0,0,0.0
2024-04-10,211,139,72,0,139,0,0,0.0
2024-04-11,220,138,82,0,138,0,0,0.0
2024-04-12,210,140,70,0,140,0,0,0.0
2024-04-14,29,12,17,0,12,0,0,0.0
2024-04-15,131,33,98,0,33,0,0,0.0
2024-04-16,213,115,98,0,115,0,0,0.0
2024-04-17,205,118,87,0,118,0,0,0.0
2024-04-18,246,158,88,0,158,0,0,0.0
2024-04-19,165,74,91,0,74,0,0,0.0
2024-04-21,7,7,0,0,7,0,0,0.0
2024-04-22,208,149,59,0,149,0,0,0.0
2024-04-23,210,110,100,0,110,0,0,0.0
2024-04-24,237,137,100,0,137,0,0,0.0
2024-04-25,145,44,101,0,44,0,0,0.0
2024-04-26,204,120,84,0,120,0,0,0.0
2024-04-28,12,12,0,0,12,0,0,0.0
2024-04-29,213,116,97,0,116,0,0,0.0
2024-04-30,206,110,96,0,110,0,0,0.0
2024-05-01,222,103,119,0,103,0,0,0.0
2024-05-02,261,153,108,0,153,0,0,0.0
2024-05-03,236,138,98,0,138,0,0,0.0
2024-05-05,31,12,19,0,12,0,0,0.0
2024-05-06,262,148,114,0,148,0,0,0.0
2024-05-07,260,148,112,0,148,0,0,0.0
2024-05-08,216,101,115,0,101,0,0,0.0
2024-05-09,237,140,97,0,140,0,0,0.0
2024-05-10,172,77,95,0,77,0,0,0.0
2024-05-12,20,1,19,0,1,0,0,0.0
2024-05-13,222,110,112,0,110,0,0,0.0
2024-05-14,134,29,105,0,29,0,0,0.0
2024-05-15,255,156,99,0,156,0,0,0.0
2024-05-16,203,92,111,0,92,0,0,0.0
2024-05-17,205,109,96,0,109,0,0,0.0
2024-05-19,32,12,20,0,12,0,0,0.0
2024-05-20,226,114,112,0,114,0,0,0.0
2024-05-21,187,74,113,0,74,0,0,0.0
2024-05-22,248,143,105,0,143,0,0,0.0
2024-05-23,228,147,81,0,147,0,0,0.0
2024-05-24,231,136,95,0,136,0,0,0.0
2024-05-26,14,12,2,0,12,0,0,0.0
2024-05-27,222,138,84,0,138,0,0,0.0
2024-05-28,257,154,103,0,154,0,0,0.0
2024-05-29,235,139,96,0,139,0,0,0.0
2024-05-30,226,120,106,0,120,0,0,0.0
2024-05-31,197,120,77,0,120,0,0,0.0
2024-06-02,17,12,5,0,12,0,0,0.0
2024-06-03,224,152,72,0,152,0,0,0.0
2024-06-04,255,149,106,0,149,0,0,0.0
2024-06-05,191,80,111,0,80,0,0,0.0
2024-06-06,264,157,107,0,157,0,0,0.0
2024-06-07,174,78,96,0,78,0,0,0.0
2024-06-09,13,2,11,0,2,0,0,0.0
2024-06-10,200,95,105,0,95,0,0,0.0
2024-06-11,260,146,114,0,146,0,0,0.0
2024-06-12,269,148,121,0,148,0,0,0.0
2024-06-13,224,112,112,0,112,0,0,0.0
2024-06-14,167,71,96,0,71,0,0,0.0
2024-06-16,24,5,19,0,5,0,0,0.0
2024-06-17,179,128,51,0,128,0,0,0.0
2024-06-18,144,57,87,0,57,0,0,0.0
2024-06-19,211,141,70,0,141,0,0,0.0
2024-06-20,234,129,105,0,129,0,0,0.0
2024-06-21,222,140,82,0,140,0,0,0.0
2024-06-23,26,12,14,0,12,0,0,0.0
2024-06-24,206,152,54,0,152,0,0,0.0
2024-06-25,209,103,106,0,103,0,0,0.0
2024-06-26,266,135,131,0,135,0,0,0.0
2024-06-27,258,153,105,0,153,0,0,0.0
2024-06-28,235,140,95,0,140,0,0,0.0
2024-06-30,19,12,7,0,12,0,0,0.0
2024-07-01,213,138,75,0,138,0,0,0.0
2024-07-02,229,117,112,0,117,0,0,0.0
2024-07-03,218,112,106,0,112,0,0,0.0
2024-07-04,228,125,103,0,125,0,0,0.0
2024-07-05,196,97,99,0,97,0,0,0.0
2024-07-07,17,10,7,0,10,0,0,0.0
2024-07-08,236,131,105,0,131,0,0,0.0
2024-07-09,273,159,114,0,159,0,0,0.0
2024-07-10,230,128,102,0,128,0,0,0.0
2024-07-11,220,118,102,0,118,0,0,0.0
2024-07-12,76,36,40,0,36,0,0,0.0
2024-07-14,16,0,16,0,0,0,0,0.0
2024-07-15,192,136,56,0,136,0,0,0.0
2024-07-16,246,148,98,0,148,0,0,0.0
2024-07-17,224,128,96,0,128,0,0,0.0
2024-07-18,247,157,90,0,157,0,0,0.0
2024-07-19,225,130,95,0,130,0,0,0.0
2024-07-21,29,12,17,0,12,0,0,0.0
2024-07-22,224,145,79,0,145,0,0,0.0
2024-07-23,221,110,111,0,110,0,0,0.0
2024-07-24,221,120,101,0,120,0,0,0.0
2024-07-25,172,60,112,0,60,0,0,0.0
2024-07-26,156,60,96,0,60,0,0,0.0
2024-07-28,20,4,16,0,4,0,0,0.0
2024-07-29,213,104,109,0,104,0,0,0.0
2024-07-30,214,108,106,0,108,0,0,0.0
2024-07-31,212,105,107,0,105,0,0,0.0
2024-08-01,243,141,102,0,141,0,0,0.0
2024-08-02,200,124,76,0,124,0,0,0.0
2024-08-04,21,12,9,0,12,0,0,0.0
2024-08-05,268,155,113,0,155,0,0,0.0
2024-08-06,180,82,98,0,82,0,0,0.0
2024-08-07,254,148,106,0,148,0,0,0.0
2024-08-08,156,68,88,0,68,0,0,0.0
2024-08-09,146,57,89,0,57,0,0,0.0
2024-08-11,22,8,14,0,8,0,0,0.0
2024-08-12,200,134,66,0,134,0,0,0.0
2024-08-13,212,100,112,0,100,0,0,0.0
2024-08-14,216,104,112,0,104,0,0,0.0
2024-08-15,161,66,95,0,66,0,0,0.0
2024-08-16,199,111,88,0,111,0,0,0.0
2024-08-18,30,12,18,0,12,0,0,0.0
2024-08-19,185,80,105,0,80,0,0,0.0
2024-08-20,226,116,110,0,116,0,0,0.0
2024-08-21,236,132,104,0,132,0,0,0.0
2024-08-22,253,148,105,0,148,0,0,0.0
2024-08-23,242,147,95,0,147,0,0,0.0
2024-08-25,29,12,17,0,12,0,0,0.0
2024-08-26,253,149,104,0,149,0,0,0.0
2024-08-27,246,147,99,0,147,0,0,0.0
2024-08-28,246,139,107,0,139,0,0,0.0
2024-08-29,216,122,94,0,122,0,0,0.0
2024-08-30,213,136,77,0,136,0,0,0.0
2024-09-01,31,11,20,0,11,0,0,0.0
2024-09-02,198,135,63,0,135,0,0,0.0
2024-09-03,172,56,116,0,56,0,0,0.0
2024-09-04,218,129,89,0,129,0,0,0.0
2024-09-05,246,145,101,0,145,0,0,0.0
2024-09-06,232,136,96,0,136,0,0,0.0
2024-09-08,22,12,10,0,12,0,0,0.0
2024-09-09,238,129,109,0,129,0,0,0.0
2024-09-10,255,153,102,0,153,0,0,0.0
2024-09-11,191,76,115,0,76,0,0,0.0
2024-09-12,220,112,108,0,112,0,0,0.0
2024-09-13,171,75,96,0,75,0,0,0.0
2024-09-15,22,10,12,0,10,0,0,0.0
2024-09-16,220,140,80,0,140,0,0,0.0
2024-09-17,247,140,107,0,140,0,0,0.0
2024-09-18,238,122,116,0,122,0,0,0.0
2024-09-19,254,138,116,0,138,0,0,0.0
2024-09-20,238,142,96,0,142,0,0,0.0
2024-09-22,21,11,10,0,11,0,0,0.0
2024-09-23,227,124,103,0,124,0,0,0.0
2024-09-24,249,147,102,0,147,0,0,0.0
2024-09-25,244,141,103,0,141,0,0,0.0
2024-09-26,247,139,108,0,139,0,0,0.0
2024-09-27,183,87,96,0,87,0,0,0.0
2024-09-29,28,9,19,0,9,0,0,0.0
2024-09-30,227,149,78,0,149,0,0,0.0
2024-10-01,265,151,114,0,151,0,0,0.0
2024-10-02,272,157,115,0,157,0,0,0.0
2024-10-03,244,131,113,0,131,0,0,0.0
2024-10-04,207,113,94,0,113,0,0,0.0
2024-10-06,1,1,0,0,1,0,0,0.0
2024-10-07,167,52,115,0,52,0,0,0.0
2024-10-08,260,155,105,0,155,0,0,0.0
2024-10-09,234,146,88,0,146,0,0,0.0
2024-10-10,160,81,79,0,81,0,0,0.0
2024-10-11,173,81,92,0,81,0,0,0.0
2024-10-13,26,9,17,0,9,0,0,0.0
2024-10-14,169,106,63,0,106,0,0,0.0
2024-10-15,213,103,110,0,103,0,0,0.0
2024-10-16,245,141,104,0,141,0,0,0.0
2024-10-17,257,151,106,0,151,0,0,0.0
2024-10-18,236,140,96,0,140,0,0,0.0
2024-10-20,19,12,7,0,12,0,0,0.0
2024-10-21,260,155,105,0,155,0,0,0.0
2024-10-22,217,114,103,0,114,0,0,0.0
2024-10-23,227,124,103,0,124,0,0,0.0
2024-10-24,261,153,108,0,153,0,0,0.0
2024-10-25,185,95,90,0,95,0,0,0.0
2024-10-27,13,12,1,0,12,0,0,0.0
2024-10-28,252,152,100,0,152,0,0,0.0
2024-10-29,273,158,115,0,158,0,0,0.0
2024-10-30,211,109,102,0,109,0,0,0.0
2024-10-31,265,153,112,0,153,0,0,0.0
2024-11-01,222,128,94,0,128,0,0,0.0
2024-11-03,5,0,5,0,0,0,0,0.0
2024-11-04,258,148,110,0,148,0,0,0.0
2024-11-05,263,152,111,0,152,0,0,0.0
2024-11-06,215,107,108,0,107,0,0,0.0
2024-11-07,224,118,106,0,118,0,0,0.0
2024-11-08,182,100,82,0,100,0,0,0.0
2024-11-10,19,0,19,0,0,0,0,0.0
2024-11-11,163,49,114,0,49,0,0,0.0
2024-11-12,265,156,109,0,156,0,0,0.0
2024-11-13,255,154,101,0,154,0,0,0.0
2024-11-14,239,125,114,0,125,0,0,0.0
2024-11-15,246,150,96,0,150,0,0,0.0
2024-11-17,16,0,16,0,0,0,0,0.0
2024-11-18,248,146,102,0,146,0,0,0.0
2024-11-19,264,157,107,0,157,0,0,0.0
2024-11-20,248,140,108,0,140,0,0,0.0
2024-11-21,212,104,108,0,104,0,0,0.0
2024-11-22,235,157,78,0,157,0,0,0.0
2024-11-24,4,0,4,0,0,0,0,0.0
2024-11-25,185,101,84,0,101,0,0,0.0
2024-11-26,192,87,105,0,87,0,0,0.0
2024-11-27,245,131,114,0,131,0,0,0.0
2024-11-28,247,137,110,0,137,0,0,0.0
2024-11-29,217,121,96,0,121,0,0,0.0
2024-12-01,18,0,18,0,0,0,0,0.0
2024-12-02,256,145,111,0,145,0,0,0.0
2024-12-03,245,132,113,0,132,0,0,0.0
2024-12-04,265,152,113,0,152,0,0,0.0
2024-12-05,270,155,115,0,155,0,0,0.0
2024-12-06,246,158,88,0,158,0,0,0.0
2024-12-08,0,0,0,0,0,0,0,0.0
2024-12-09,177,119,58,0,119,0,0,0.0
2024-12-10,231,122,109,0,122,0,0,0.0
2024-12-11,246,138,108,0,138,0,0,0.0
2024-12-12,200,117,83,0,117,0,0,0.0
2024-12-13,254,158,96,0,158,0,0,0.0
2024-12-15,15,0,15,0,0,0,0,0.0
2024-12-16,239,146,93,0,146,0,0,0.0
2024-12-17,251,156,95,0,156,0,0,0.0
2024-12-18,212,133,79,0,133,0,0,0.0
2024-12-19,270,157,113,0,157,0,0,0.0
2024-12-20,236,141,95,0,141,0,0,0.0
2024-12-22,13,0,13,0,0,0,0,0.0
2024-12-23,194,93,101,0,93,0,0,0.0
2024-12-24,189,109,80,0,109,0,0,0.0
2024-12-25,119,0,119,0,0,0,0,0.0
2024-12-26,267,158,109,0,158,0,0,0.0
2024-12-27,206,110,96,0,110,0,0,0.0
2024-12-29,13,0,13,0,0,0,0,0.0
2024-12-30,251,142,109,0,142,0,0,0.0
2024-12-31,243,147,96,0,147,0,0,0.0
